1499	2
1496	5
1493	7
1490	9
1491	11
1487	14
1483	16
1477	18
1476	21
1478	23
1476	25
1475	27
1480	30
1486	32
1490	34
1492	37
1490	39
1491	41
1498	45
1509	47
1513	49
1511	51
1506	54
1496	56
1490	58
1485	61
1485	63
1485	65
1485	68
1479	70
1474	72
1474	75
1476	77
1483	79
1490	81
1496	84
1501	87
1507	89
1513	92
1512	94
1508	96
1503	99
1498	101
1495	103
1490	106
1486	108
1484	110
1486	113
1490	115
1493	117
1491	120
1486	122
1482	124
1480	128
1481	130
1482	132
1483	135
1481	137
1478	140
1475	142
1476	144
1480	147
1489	149
1498	151
1502	154
1502	156
1499	158
1493	161
1491	163
1492	165
1494	168
1494	171
1486	173
1483	176
1483	178
1486	181
1486	183
1486	185
1484	188
1485	190
1486	192
1489	195
1484	197
1480	199
1481	202
1487	204
1493	206
1492	209
1491	211
1491	214
1494	217
1495	219
1494	222
1492	224
1491	226
1491	229
1490	231
1487	233
1489	236
1493	238
1495	240
1495	243
1495	245
1492	247
1492	250
1489	252
1484	256
1485	258
1488	260
1484	263
1481	265
1479	267
1482	270
1490	272
1493	274
1491	277
1487	279
1489	281
1491	284
1491	286
1487	288
1485	291
1484	293
1485	296
1487	299
1489	301
1488	304
1486	306
1483	308
1480	311
1480	313
1482	315
1485	318
1488	320
1487	322
1483	325
1481	327
1486	329
1492	332
1495	334
1494	337
1492	339
1490	342
1492	345
1500	347
1500	349
1490	352
1484	354
1481	356
1485	359
1487	361
1485	363
1482	366
1481	368
1479	371
1479	373
1479	375
1479	378
1482	380
1485	382
1483	386
1487	388
1492	390
1499	393
1502	395
1501	397
1497	400
1493	402
1488	404
1488	407
1487	409
1487	412
1489	414
1490	416
1488	419
1486	421
1483	423
1481	427
1479	429
1476	431
1475	434
1476	436
1484	438
1488	441
1487	443
1491	445
1497	448
1495	450
1492	453
1488	455
1486	457
1494	460
1502	462
1503	464
1496	467
1482	470
1473	472
1471	475
1476	477
1485	479
1486	482
1485	484
1485	487
1486	489
1489	491
1491	494
1490	496
1487	498
1487	501
1487	503
1493	505
1498	508
1497	510
1486	513
1480	516
1481	518
1484	520
1484	523
1480	525
1479	528
1480	530
1483	532
1484	535
1484	537
1481	539
1479	542
1482	544
1491	546
1498	549
1502	551
1498	553
1495	557
1497	559
1497	561
1496	564
1497	566
1499	569
1496	571
1493	573
1493	576
1493	578
1493	580
1491	583
1486	585
1482	587
1478	590
1476	592
1471	594
1464	598
1466	600
1471	603
1481	605
1488	607
1488	610
1487	612
1490	614
1498	617
1507	619
1508	621
1503	624
1496	626
1491	628
1489	631
1490	633
1484	635
1470	638
1459	641
1463	644
1473	646
1487	648
1491	651
1488	653
1487	655
1487	658
1489	660
1489	662
1492	665
1494	667
1495	669
1496	672
1494	674
1491	677
1488	679
1485	681
1482	685
1482	687
1481	689
1481	692
1487	694
1498	696
1506	699
1510	701
1504	703
1498	706
1492	708
1485	710
1478	713
1478	715
1481	718
1480	720
1473	722
1462	726
1465	728
1477	730
1495	733
1498	735
1491	737
1486	740
1488	742
1493	744
1498	747
1498	749
1498	751
1497	754
1502	756
1510	759
1512	761
1508	763
1504	766
1499	769
1495	771
1493	774
1489	776
1483	778
1483	781
1482	783
1479	785
1477	788
1474	790
1472	793
1472	795
1479	797
1486	800
1489	802
1487	804
1485	807
1488	809
1497	812
1500	815
1492	817
1483	819
1480	822
1489	824
1496	826
1497	829
1492	831
1487	834
1485	836
1482	838
1483	841
1482	843
1481	845
1480	848
1480	850
1483	852
1484	856
1481	858
1477	860
1481	863
1494	865
1500	867
1500	870
1490	872
1481	875
1479	877
1481	879
1479	882
1475	884
1473	886
1474	889
1480	891
1488	893
1493	897
1493	899
1491	901
1487	904
1484	906
1482	909
1481	911
1482	913
1485	916
1486	918
1483	920
1481	923
1481	925
1490	927
1494	930
1496	932
1489	934
1487	937
1486	940
1488	942
1491	945
1492	947
1490	950
1491	952
1492	954
1490	957
1488	959
1487	961
1486	964
1487	966
1487	968
1485	971
1485	973
1487	975
1491	978
1492	980
1495	983
1494	986
1494	988
1496	991
1497	993
1497	995
1495	998
1491	1000
1482	1002
1477	1005
1475	1007
1476	1010
1480	1012
1486	1014
1486	1017
1482	1019
1481	1022
1485	1025
1487	1027
1488	1030
1487	1032
1486	1035
1484	1037
1485	1039
1488	1042
1492	1044
1495	1047
1488	1049
1479	1051
1475	1054
1481	1056
1490	1059
1496	1061
1497	1063
1496	1067
1497	1069
1494	1072
1493	1074
1489	1077
1485	1079
1480	1081
1482	1084
1484	1086
1487	1089
1492	1091
1495	1093
1493	1096
1492	1098
1491	1101
1493	1103
1490	1105
1491	1108
1492	1111
1492	1114
1488	1116
1488	1118
1484	1121
1475	1123
1467	1126
1468	1128
1477	1130
1491	1133
1501	1135
1498	1138
1489	1140
1490	1142
1494	1145
1504	1147
1502	1150
1497	1153
1489	1155
1487	1158
1489	1160
1490	1163
1488	1165
1483	1168
1479	1170
1482	1172
1487	1175
1490	1177
1488	1180
1485	1182
1481	1184
1480	1187
1486	1189
1490	1192
1492	1195
1492	1197
1491	1200
1487	1202
1491	1205
1496	1207
1500	1209
1501	1212
1496	1214
1485	1217
1478	1219
1476	1221
1474	1224
1471	1226
1468	1229
1462	1231
1463	1233
1469	1236
1484	1239
1496	1242
1496	1244
1486	1247
1475	1249
1470	1251
1482	1254
1495	1256
1502	1259
1500	1261
1496	1263
1495	1266
1500	1268
1503	1271
1499	1273
1491	1275
1487	1278
1487	1281
1491	1284
1486	1286
1482	1288
1481	1291
1481	1293
1486	1296
1487	1298
1485	1300
1480	1303
1481	1305
1485	1308
1487	1310
1492	1312
1497	1315
1502	1317
1501	1320
1495	1323
1491	1325
1491	1328
1491	1330
1486	1333
1479	1335
1477	1337
1480	1340
1483	1342
1485	1345
1487	1347
1490	1350
1493	1352
1489	1354
1487	1357
1483	1359
1482	1362
1482	1364
1483	1367
1487	1370
1491	1372
1493	1375
1493	1377
1492	1379
1487	1382
1488	1384
1504	1387
1513	1389
1509	1391
1499	1394
1490	1396
1492	1399
1494	1401
1490	1403
1483	1406
1477	1409
1473	1412
1471	1414
1471	1416
1476	1419
1483	1421
1488	1424
1492	1426
1496	1428
1495	1431
1491	1433
1482	1436
1471	1438
1468	1441
1474	1443
1485	1445
1491	1448
1491	1451
1493	1454
1495	1456
1494	1458
1496	1461
1492	1463
1486	1466
1484	1468
1483	1470
1478	1473
1474	1475
1473	1478
1475	1480
1478	1482
1476	1485
1472	1487
1470	1490
1473	1492
1481	1495
1494	1498
1499	1500
1499	1503
1494	1505
1487	1507
1484	1510
1485	1512
1488	1515
1490	1517
1492	1519
1492	1522
1492	1524
1494	1527
1494	1529
1490	1532
1483	1534
1478	1537
1479	1540
1489	1542
1498	1545
1491	1547
1478	1549
1477	1552
1482	1554
1485	1557
1482	1559
1479	1561
1476	1564
1479	1566
1482	1569
1489	1571
1493	1573
1494	1576
1493	1579
1490	1582
1489	1584
1487	1586
1484	1589
1485	1591
1491	1594
1495	1596
1495	1598
1498	1601
1506	1603
1507	1606
1499	1608
1490	1611
1491	1613
1495	1615
1494	1618
1490	1620
1489	1624
1488	1626
1489	1628
1492	1631
1495	1633
1496	1636
1497	1638
1495	1640
1492	1643
1480	1645
1468	1648
1463	1650
1478	1652
1493	1655
1506	1657
1509	1660
1503	1662
1495	1665
1492	1668
1493	1670
1495	1673
1498	1675
1498	1677
1495	1680
1491	1682
1488	1685
1484	1687
1474	1689
1474	1692
1481	1694
1482	1697
1482	1699
1487	1701
1490	1704
1495	1707
1500	1710
1505	1712
1505	1715
1499	1717
1496	1719
1492	1722
1488	1724
1485	1727
1476	1729
1472	1731
1474	1734
1485	1736
1488	1739
1489	1741
1485	1743
1483	1746
1482	1748
1478	1752
1479	1754
1483	1756
1491	1759
1494	1761
1493	1764
1492	1766
1492	1768
1489	1771
1490	1773
1491	1776
1492	1778
1492	1780
1494	1783
1500	1785
1503	1788
1502	1790
1496	1793
1489	1796
1487	1798
1484	1801
1483	1803
1482	1805
1484	1808
1487	1810
1487	1813
1485	1815
1483	1818
1482	1820
1484	1822
1484	1825
1481	1827
1473	1830
1470	1832
1475	1835
1493	1838
1501	1840
1504	1843
1502	1845
1500	1847
1491	1850
1475	1852
1467	1855
1466	1857
1478	1859
1493	1862
1498	1864
1495	1867
1494	1869
1497	1871
1497	1874
1496	1876
1492	1880
1490	1882
1489	1884
1488	1887
1486	1889
1487	1892
1486	1894
1485	1896
1484	1899
1482	1901
1475	1904
1472	1906
1473	1909
1481	1911
1484	1913
1488	1916
1497	1918
1504	1922
1504	1924
1503	1926
1497	1929
1488	1931
1485	1934
1485	1936
1488	1938
1491	1941
1495	1943
1492	1946
1489	1948
1484	1950
1482	1953
1486	1955
1489	1958
1492	1960
1492	1963
1487	1966
1481	1968
1473	1971
1473	1973
1478	1975
1485	1978
1490	1980
1492	1983
1491	1985
1488	1987
1488	1990
1490	1992
1492	1995
1493	1997
1493	1999
1493	2002
1490	2004
1490	2008
1493	2010
1496	2013
1495	2015
1488	2017
1479	2020
1479	2022
1486	2025
1487	2027
1483	2029
1478	2032
1477	2034
1481	2037
1475	2039
1471	2041
1468	2044
1468	2046
1475	2050
1484	2052
1491	2054
1494	2057
1493	2059
1489	2062
1488	2064
1487	2066
1489	2069
1492	2071
1494	2074
1494	2076
1498	2078
1505	2081
1509	2083
1508	2086
1501	2088
1494	2091
1488	2094
1482	2096
1478	2099
1478	2101
1476	2103
1472	2106
1470	2108
1472	2111
1479	2113
1483	2116
1486	2118
1481	2120
1480	2123
1482	2125
1488	2128
1499	2130
1515	2132
1520	2136
1511	2138
1497	2141
1489	2143
1488	2145
1489	2148
1488	2150
1483	2153
1478	2155
1479	2157
1483	2160
1487	2162
1486	2165
1480	2167
1475	2169
1478	2172
1484	2174
1487	2178
1486	2180
1485	2182
1486	2185
1491	2187
1499	2190
1502	2192
1500	2194
1496	2197
1493	2199
1490	2202
1486	2204
1483	2207
1484	2209
1487	2211
1492	2214
1497	2216
1500	2220
1499	2222
1497	2224
1493	2227
1491	2229
1488	2232
1486	2234
1483	2236
1478	2239
1477	2241
1480	2244
1485	2246
1489	2248
1489	2251
1489	2253
1493	2256
1499	2258
1499	2260
1490	2264
1479	2266
1475	2269
1484	2271
1497	2273
1500	2276
1497	2278
1495	2281
1494	2283
1492	2285
1491	2288
1483	2290
1478	2293
1476	2295
1478	2298
1481	2300
1482	2302
1487	2306
1494	2308
1496	2311
1494	2313
1493	2315
1494	2318
1499	2320
1504	2323
1502	2325
1496	2327
1491	2330
1489	2332
1487	2335
1485	2337
1484	2339
1487	2342
1489	2344
1486	2348
1484	2350
1483	2352
1477	2355
1475	2357
1478	2360
1484	2362
1491	2364
1499	2367
1500	2369
1495	2372
1490	2374
1489	2377
1489	2379
1488	2381
1485	2384
1484	2386
1486	2390
1491	2392
1491	2394
1483	2397
1478	2399
1477	2402
1485	2404
1492	2406
1494	2409
1497	2411
1496	2414
1493	2416
1489	2418
1486	2421
1493	2423
1496	2426
1493	2428
1487	2430
1488	2434
1491	2436
1493	2439
1490	2441
1484	2443
1480	2446
1473	2448
1473	2451
1478	2453
1489	2455
1499	2458
1501	2460
1501	2463
1497	2465
1493	2468
1491	2470
1485	2472
1480	2476
1477	2478
1482	2481
1491	2483
1493	2485
1492	2488
1486	2490
1480	2493
1479	2495
1483	2497
1487	2500
1488	2502
1492	2505
1496	2507
1491	2509
1487	2512
1482	2514
1478	2518
1477	2520
1481	2522
1489	2525
1498	2527
1503	2530
1503	2532
1499	2534
1494	2537
1487	2539
1480	2542
1482	2544
1488	2547
1491	2549
1487	2551
1486	2554
1484	2556
1482	2560
1483	2562
1488	2564
1494	2567
1500	2569
1503	2572
1499	2574
1487	2576
1478	2579
1471	2581
1476	2584
1481	2586
1485	2588
1485	2591
1479	2593
1472	2596
1474	2598
1484	2600
1496	2604
1505	2606
1508	2609
1501	2611
1496	2613
1496	2616
1501	2618
1501	2621
1493	2623
1490	2625
1491	2628
1496	2630
1500	2633
1495	2635
1484	2637
1475	2640
1473	2642
1481	2646
1487	2648
1485	2651
1482	2653
1485	2655
1493	2658
1499	2660
1499	2663
1496	2665
1494	2667
1492	2670
1489	2672
1487	2675
1490	2677
1497	2679
1504	2682
1502	2684
1497	2688
1492	2690
1489	2692
1489	2695
1486	2697
1480	2700
1476	2702
1477	2704
1479	2707
1481	2709
1486	2712
1483	2714
1472	2716
1471	2719
1479	2721
1490	2724
1500	2726
1510	2728
1514	2732
1512	2734
1502	2737
1491	2739
1489	2742
1486	2744
1486	2746
1481	2749
1476	2751
1475	2754
1479	2756
1489	2758
1493	2761
1492	2763
1488	2766
1484	2768
1486	2770
1488	2774
1490	2776
1488	2779
1483	2781
1478	2783
1479	2786
1484	2788
1489	2791
1493	2793
1497	2795
1497	2798
1495	2800
1494	2803
1492	2805
1491	2807
1489	2810
1481	2812
1472	2816
1473	2818
1480	2821
1482	2823
1483	2825
1485	2828
1490	2830
1497	2833
1498	2835
1494	2837
1490	2840
1488	2842
1484	2845
1482	2847
1481	2849
1483	2852
1487	2854
1494	2857
1497	2860
1499	2862
1496	2865
1492	2867
1489	2870
1488	2872
1478	2874
1474	2877
1470	2879
1475	2882
1481	2884
1484	2886
1485	2889
1483	2891
1482	2894
1481	2896
1486	2898
1493	2902
1496	2904
1494	2907
1494	2909
1495	2912
1496	2914
1498	2916
1494	2919
1489	2921
1489	2924
1489	2926
1487	2928
1486	2931
1487	2933
1489	2936
1493	2938
1489	2940
1483	2944
1479	2946
1488	2949
1494	2951
1494	2953
1486	2956
1483	2958
1483	2961
1485	2963
1488	2965
1494	2968
1499	2970
1500	2973
1495	2975
1491	2977
1482	2980
1476	2982
1478	2985
1486	2988
1491	2990
1490	2993
1490	2995
1493	2998
1495	3000
1499	3002
1503	3005
1499	3007
1494	3010
1488	3012
1486	3015
1486	3017
1488	3019
1488	3022
1492	3024
1496	3027
1493	3030
1486	3032
1479	3035
1478	3037
1486	3040
1494	3042
1494	3044
1491	3047
1486	3049
1482	3052
1483	3054
1487	3056
1492	3059
1496	3061
1499	3064
1505	3066
1507	3068
1503	3072
1497	3074
1490	3077
1488	3079
1488	3081
1491	3084
1497	3086
1499	3089
1497	3091
1489	3094
1475	3096
1468	3098
1465	3101
1470	3103
1477	3106
1481	3108
1480	3110
1475	3113
1473	3116
1477	3119
1487	3121
1493	3123
1493	3126
1488	3128
1490	3131
1492	3133
1493	3135
1487	3138
1488	3140
1493	3143
1498	3145
1498	3147
1496	3150
1491	3152
1486	3155
1485	3158
1483	3161
1482	3163
1484	3165
1489	3168
1495	3170
1506	3173
1509	3175
1510	3177
1510	3180
1505	3182
1491	3185
1477	3187
1467	3189
1469	3192
1482	3194
1491	3197
1489	3200
1486	3202
1481	3205
1482	3207
1486	3210
1490	3212
1492	3214
1493	3217
1483	3219
1472	3222
1464	3224
1469	3226
1482	3229
1488	3231
1486	3234
1483	3236
1483	3238
1488	3241
1499	3244
1502	3247
1502	3249
1498	3252
1493	3254
1490	3256
1484	3259
1480	3261
1478	3264
1480	3266
1486	3268
1494	3271
1496	3273
1493	3276
1493	3278
1492	3280
1491	3283
1491	3286
1492	3289
1490	3291
1488	3293
1491	3296
1495	3298
1495	3301
1495	3303
1493	3305
1492	3308
1490	3310
1494	3313
1500	3315
1501	3317
1493	3320
1479	3322
1469	3325
1471	3328
1476	3330
1480	3333
1482	3335
1484	3338
1487	3340
1487	3343
1483	3345
1477	3347
1472	3350
1471	3352
1475	3355
1483	3357
1488	3359
1488	3362
1487	3364
1486	3367
1486	3369
1485	3372
1484	3375
1486	3377
1491	3380
1502	3382
1510	3384
1510	3387
1500	3389
1490	3392
1485	3394
1481	3396
1479	3399
1480	3401
1481	3404
1482	3406
1482	3408
1483	3411
1480	3414
1475	3417
1474	3419
1473	3421
1475	3424
1480	3426
1483	3429
1482	3431
1481	3434
1479	3436
1480	3438
1482	3441
1488	3443
1499	3446
1512	3448
1511	3450
1504	3453
1501	3456
1497	3459
1493	3461
1481	3463
1473	3466
1472	3468
1481	3471
1490	3473
1491	3475
1488	3478
1486	3480
1483	3483
1482	3485
1481	3487
1481	3490
1480	3492
1486	3495
1490	3497
1491	3500
1489	3503
1488	3505
1489	3508
1492	3510
1489	3513
1488	3515
1486	3517
1486	3520
1489	3522
1491	3525
1495	3527
1498	3529
1499	3532
1498	3534
1497	3537
1489	3539
1482	3542
1479	3545
1485	3547
1495	3550
1496	3552
1492	3554
1487	3557
1484	3559
1479	3562
1479	3564
1481	3566
1484	3569
1488	3571
1490	3574
1490	3576
1492	3578
1493	3581
1490	3584
1488	3587
1488	3589
1491	3591
1499	3594
1494	3596
1483	3599
1475	3601
1478	3604
1483	3606
1486	3608
1487	3611
1488	3613
1488	3616
1479	3618
1475	3620
1475	3623
1480	3625
1489	3629
1494	3631
1495	3633
1498	3636
1501	3638
1502	3641
1500	3643
1500	3645
1501	3648
1505	3650
1507	3653
1502	3655
1497	3657
1491	3660
1486	3662
1481	3665
1475	3667
1477	3671
1481	3673
1488	3675
1492	3678
1496	3680
1498	3683
1494	3685
1493	3687
1491	3690
1491	3692
1492	3695
1496	3697
1501	3699
1497	3702
1492	3704
1489	3707
1486	3709
1485	3712
1489	3715
1497	3717
1496	3720
1494	3722
1491	3724
1486	3727
1483	3729
1481	3732
1482	3734
1485	3736
1488	3739
1489	3741
1491	3744
1492	3746
1492	3749
1491	3751
1493	3753
1490	3757
1488	3759
1485	3762
1485	3764
1489	3766
1491	3769
1492	3771
1497	3774
1494	3776
1493	3778
1491	3781
1493	3783
1498	3786
1497	3788
1490	3790
1485	3793
1485	3795
1487	3799
1491	3801
1495	3803
1492	3806
1493	3808
1495	3811
1496	3813
1496	3815
1497	3818
1495	3820
1497	3823
1505	3825
1498	3828
1487	3830
1480	3832
1478	3835
1479	3837
1474	3841
1474	3843
1478	3845
1485	3848
1488	3850
1486	3853
1489	3855
1494	3857
1498	3860
1499	3862
1497	3865
1496	3867
1492	3869
1490	3872
1493	3874
1496	3877
1501	3879
1502	3881
1499	3885
1492	3887
1487	3890
1485	3892
1483	3894
1479	3897
1477	3899
1479	3902
1480	3904
1485	3906
1487	3909
1484	3911
1483	3914
1482	3916
1484	3919
1478	3921
1473	3923
1477	3927
1488	3929
1501	3932
1504	3934
1503	3936
1502	3939
1494	3941
1487	3944
1486	3946
1490	3948
1489	3951
1480	3953
1474	3956
1476	3958
1483	3960
1485	3963
1484	3965
1484	3969
1487	3971
1489	3973
1488	3976
1485	3978
1485	3981
1483	3983
1484	3985
1487	3988
1496	3990
1503	3993
1503	3995
1497	3998
1490	4000
1486	4002
1482	4005
1484	4007
1488	4011
1492	4013
1494	4015
1492	4018
1492	4020
1494	4023
1493	4025
1488	4027
1485	4030
1483	4032
1482	4035
1483	4037
1483	4039
1484	4042
1480	4044
1478	4047
1478	4049
1488	4051
1497	4055
1501	4057
1499	4060
1493	4062
1486	4064
1481	4067
1481	4069
1480	4072
1482	4074
1485	4076
1491	4079
1491	4081
1488	4084
1484	4086
1485	4089
1486	4091
1488	4093
1488	4097
1489	4099
1492	4102
1491	4104
1490	4106
1489	4109
1487	4111
1491	4114
1495	4116
1495	4118
1493	4121
1489	4123
1489	4126
1495	4128
1500	4130
1502	4133
1490	4135
1483	4139
1478	4141
1481	4143
1483	4146
1480	4148
1480	4151
1482	4153
1489	4155
1498	4158
1500	4160
1489	4163
1475	4165
1466	4168
1479	4170
1492	4172
1501	4175
1497	4177
1491	4180
1484	4183
1483	4185
1485	4188
1484	4190
1481	4193
1481	4195
1483	4197
1483	4200
1482	4202
1484	4205
1488	4207
1495	4209
1495	4212
1491	4214
1488	4217
1491	4219
1495	4221
1499	4225
1501	4227
1501	4230
1499	4232
1495	4234
1485	4237
1477	4239
1473	4242
1475	4244
1478	4246
1477	4249
1477	4251
1476	4254
1474	4256
1474	4259
1475	4261
1482	4263
1486	4267
1488	4269
1485	4272
1481	4274
1482	4276
1480	4279
1479	4281
1485	4284
1494	4286
1490	4288
1484	4291
1483	4293
1494	4296
1506	4298
1508	4300
1497	4303
1487	4305
1481	4308
1484	4311
1489	4313
1492	4316
1496	4318
1497	4321
1494	4323
1488	4325
1485	4328
1484	4330
1484	4333
1487	4335
1490	4337
1487	4340
1484	4342
1487	4345
1490	4347
1488	4350
1482	4353
1481	4355
1484	4358
1486	4360
1490	4363
1494	4365
1488	4367
1482	4370
1477	4372
1482	4375
1490	4377
1491	4379
1488	4382
1484	4384
1481	4387
1480	4389
1485	4391
1487	4395
1484	4397
1479	4400
1474	4402
1471	4404
1472	4407
1475	4409
1477	4412
1482	4414
1489	4417
1494	4419
1493	4421
1486	4424
1481	4426
1477	4429
1475	4431
1475	4433
1479	4436
1480	4439
1478	4442
1479	4444
1479	4446
1483	4449
1491	4451
1499	4454
1502	4456
1502	4458
1497	4461
1489	4463
1479	4466
1470	4468
1470	4470
1478	4473
1480	4475
1483	4478
1487	4481
1490	4483
1492	4486
1485	4488
1471	4491
1465	4493
1471	4496
1482	4498
1491	4500
1496	4503
1499	4505
1498	4508
1499	4510
1500	4512
1498	4515
1489	4517
1480	4520
1478	4523
1481	4525
1485	4528
1489	4530
1490	4533
1497	4535
1496	4537
1483	4540
1474	4542
1475	4545
1484	4547
1487	4549
1493	4552
1497	4554
1493	4557
1487	4559
1486	4561
1486	4564
1485	4567
1484	4570
1487	4572
1497	4574
1501	4577
1493	4579
1481	4582
1477	4584
1479	4587
1489	4589
1498	4591
1495	4594
1483	4596
1476	4599
1474	4601
1476	4603
1489	4606
1493	4609
1496	4612
1493	4614
1492	4616
1492	4619
1491	4621
1485	4624
1481	4626
1482	4628
1487	4631
1489	4633
1493	4636
1496	4638
1497	4640
1496	4643
1491	4645
1487	4648
1490	4651
1492	4654
1492	4656
1492	4658
1491	4661
1489	4663
1484	4666
1483	4668
1485	4670
1489	4673
1494	4675
1496	4678
1493	4680
1485	4682
1481	4685
1486	4687
1496	4690
1498	4692
1496	4695
1484	4698
1476	4700
1474	4703
1480	4705
1490	4707
1498	4710
1497	4712
1493	4715
1487	4717
1483	4719
1482	4722
1480	4724
1485	4727
1488	4729
1489	4732
1488	4734
1488	4737
1489	4740
1493	4742
1497	4745
1496	4747
1494	4749
1491	4752
1491	4754
1486	4757
1478	4759
1471	4761
1472	4764
1477	4766
1497	4769
1515	4771
1516	4773
1509	4776
1496	4779
1486	4782
1483	4784
1483	4786
1482	4789
1481	4791
1486	4794
1493	4796
1494	4799
1491	4801
1486	4803
1486	4806
1488	4808
1491	4811
1490	4813
1489	4815
1488	4818
1486	4820
1484	4824
1484	4826
1486	4828
1485	4831
1480	4833
1477	4836
1480	4838
1482	4840
1481	4843
1487	4845
1495	4848
1498	4850
1494	4852
1490	4855
1485	4857
1485	4860
1485	4862
1486	4865
1485	4868
1484	4870
1489	4873
1498	4875
1503	4877
1499	4880
1489	4882
1480	4885
1480	4887
1483	4890
1485	4892
1488	4894
1494	4897
1497	4899
1492	4902
1481	4904
1476	4907
1476	4910
1478	4912
1477	4915
1479	4917
1484	4919
1488	4922
1487	4924
1488	4927
1491	4929
1495	4931
1503	4934
1513	4936
1512	4939
1504	4941
1493	4943
1473	4946
1461	4948
1460	4952
1467	4954
1476	4957
1484	4959
1493	4961
1499	4964
1500	4966
1495	4969
1491	4971
1491	4973
1497	4976
1501	4978
1499	4981
1495	4983
1489	4985
1485	4988
1482	4990
1482	4994
1483	4996
1482	4998
1482	5001
1481	5003
1481	5006
1483	5008
1492	5010
1500	5013
1502	5015
1503	5018
1497	5020
1490	5022
1488	5025
1488	5027
1490	5030
1487	5032
1485	5036
1484	5038
1492	5040
1498	5043
1496	5045
1492	5048
1489	5050
1488	5052
1487	5055
1486	5057
1484	5060
1482	5062
1485	5064
1490	5067
1493	5069
1491	5072
1488	5074
1483	5076
1479	5080
1477	5082
1482	5085
1491	5087
1500	5089
1501	5092
1500	5094
1509	5097
1510	5099
1499	5102
1483	5104
1475	5106
1479	5109
1486	5111
1488	5114
1488	5116
1488	5118
1488	5122
1486	5124
1484	5127
1484	5129
1485	5131
1482	5134
1480	5136
1477	5139
1478	5141
1482	5143
1481	5146
1478	5148
1478	5151
1487	5153
1498	5155
1507	5158
1508	5160
1500	5164
1494	5166
1494	5168
1490	5171
1474	5173
1465	5176
1469	5178
1488	5180
1501	5183
1502	5185
1501	5188
1495	5190
1488	5193
1485	5195
1488	5197
1490	5200
1490	5202
1492	5206
1496	5208
1498	5210
1499	5213
1504	5215
1505	5218
1503	5220
1496	5222
1494	5225
1497	5227
1499	5230
1501	5232
1501	5234
1498	5237
1495	5239
1494	5242
1495	5244
1497	5246
1500	5250
1498	5252
1495	5255
1484	5257
1469	5259
1459	5262
1458	5264
1470	5267
1482	5269
1493	5271
1503	5274
1503	5276
1503	5279
1505	5281
1507	5284
1508	5286
1511	5288
1511	5292
1504	5294
1496	5297
1487	5299
1481	5301
1482	5304
1486	5306
1492	5309
1494	5311
1492	5313
1489	5316
1491	5318
1494	5321
1499	5323
1502	5325
1502	5328
1504	5330
1501	5334
1497	5336
1492	5338
1488	5341
1493	5343
1498	5346
1494	5348
1486	5350
1483	5353
1484	5355
1488	5358
1487	5360
1486	5363
1484	5365
1485	5367
1485	5370
1485	5372
1485	5376
1486	5378
1488	5380
1491	5383
1484	5385
1478	5388
1480	5390
1496	5392
1507	5395
1514	5397
1513	5400
1507	5402
1502	5404
1501	5407
1506	5409
1513	5412
1512	5414
1503	5416
1488	5420
1477	5422
1475	5425
1479	5427
1480	5429
1480	5432
1477	5434
1472	5437
1469	5439
1468	5442
1471	5444
1478	5446
1484	5449
1485	5451
1480	5454
1480	5456
1489	5458
1503	5462
1514	5464
1515	5467
1511	5469
1506	5471
1497	5474
1489	5476
1488	5479
1492	5481
1499	5483
1499	5486
1496	5488
1493	5491
1497	5493
1505	5495
1506	5498
1498	5500
1491	5504
1489	5506
1492	5508
1494	5511
1490	5513
1484	5516
1481	5518
1482	5521
1481	5523
1479	5525
1480	5528
1478	5530
1480	5533
1484	5535
1483	5537
1483	5540
1485	5542
1490	5545
1498	5548
1500	5550
1497	5553
1494	5555
1495	5558
1492	5560
1488	5562
1486	5565
1490	5567
1494	5570
1497	5572
1499	5574
1498	5577
1497	5579
1499	5582
1496	5584
1498	5587
1503	5590
1505	5592
1504	5595
1500	5597
1495	5600
1498	5602
1502	5604
1499	5607
1491	5609
1481	5612
1476	5614
1471	5616
1470	5619
1475	5621
1479	5624
1484	5626
1486	5628
1486	5632
1487	5634
1486	5637
1492	5639
1496	5641
1499	5644
1497	5646
1492	5649
1488	5651
1488	5653
1487	5656
1487	5658
1485	5661
1483	5663
1483	5666
1482	5668
1477	5670
1473	5673
1471	5676
1471	5679
1472	5681
1472	5683
1468	5686
1463	5688
1461	5691
1465	5693
1473	5695
1478	5698
1480	5700
1481	5703
1478	5705
1477	5707
1479	5710
1482	5712
1483	5715
1481	5718
1495	5720
1512	5723
1516	5725
1510	5728
1500	5730
1489	5732
1485	5735
1483	5737
1492	5740
1499	5742
1505	5745
1507	5747
1501	5749
1492	5752
1478	5754
1473	5757
1475	5760
1477	5762
1475	5765
1471	5767
1470	5770
1479	5772
1491	5774
1494	5777
1490	5779
1484	5782
1482	5784
1485	5786
1492	5789
1495	5791
1494	5794
1490	5796
1487	5798
1486	5801
1485	5804
1485	5807
1491	5809
1494	5811
1497	5814
1487	5816
1479	5819
1477	5821
1484	5824
1494	5826
1499	5828
1497	5831
1493	5833
1484	5836
1478	5838
1475	5840
1472	5843
1470	5846
1485	5849
1498	5851
1505	5853
1504	5856
1497	5858
1495	5861
1501	5863
1509	5865
1515	5868
1509	5870
1500	5873
1495	5875
1495	5877
1492	5880
1490	5882
1490	5885
1485	5888
1482	5891
1478	5893
1476	5895
1483	5898
1489	5900
1491	5903
1488	5905
1486	5907
1485	5910
1487	5912
1494	5915
1500	5917
1485	5919
1477	5922
1475	5924
1482	5927
1489	5929
1488	5932
1482	5935
1479	5937
1477	5940
1477	5942
1477	5944
1481	5947
1489	5949
1495	5952
1500	5954
1498	5956
1491	5959
1489	5961
1495	5964
1503	5966
1503	5969
1501	5971
1491	5974
1485	5977
1481	5979
1478	5982
1478	5984
1480	5986
1485	5989
1486	5991
1484	5994
1479	5996
1476	5998
1474	6001
1477	6003
1487	6006
1492	6008
1491	6010
1486	6013
1483	6016
1486	6019
1492	6021
1494	6023
1495	6026
1493	6028
1486	6031
1480	6033
1478	6035
1484	6038
1493	6040
1499	6043
1498	6045
1492	6048
1485	6050
1483	6052
1485	6055
1491	6057
1495	6061
1497	6063
1497	6065
1496	6068
1495	6070
1493	6073
1494	6075
1494	6077
1493	6080
1497	6082
1500	6085
1494	6087
1483	6089
1470	6092
1472	6094
1476	6097
1482	6099
1488	6102
1489	6105
1485	6107
1480	6110
1473	6112
1472	6115
1477	6117
1485	6119
1488	6122
1487	6124
1487	6127
1490	6129
1495	6131
1496	6134
1497	6136
1496	6139
1501	6141
1503	6144
1501	6147
1497	6149
1482	6152
1470	6154
1467	6156
1477	6159
1485	6161
1486	6164
1485	6166
1485	6168
1487	6171
1499	6173
1494	6176
1482	6178
1477	6181
1480	6183
1489	6185
1492	6189
1488	6191
1494	6194
1503	6196
1506	6198
1505	6201
1501	6203
1497	6206
1496	6208
1491	6210
1487	6213
1484	6215
1485	6218
1488	6220
1491	6222
1494	6225
1501	6227
1507	6231
1513	6233
1515	6235
1514	6238
1510	6240
1506	6243
1500	6245
1496	6247
1480	6250
1469	6252
1465	6255
1468	6257
1478	6260
1491	6262
1512	6264
1526	6267
1524	6269
1518	6273
1515	6275
1514	6277
1514	6280
1518	6282
1529	6285
1537	6287
1537	6289
1517	6292
1495	6294
1484	6297
1490	6299
1496	6301
1500	6304
1508	6306
1515	6309
1515	6311
1505	6313
1498	6317
1497	6319
1501	6322
1503	6324
1501	6327
1498	6329
1498	6331
1495	6334
1491	6336
1488	6339
1498	6341
1544	6343
1566	6346
1561	6348
1535	6351
1501	6353
1491	6355
1492	6359
1495	6361
1495	6364
1494	6366
1492	6368
1489	6371
1487	6373
1495	6376
1505	6378
1504	6380
1493	6383
1482	6385
1481	6388
1484	6390
1486	6393
1485	6395
1479	6397
1480	6401
1485	6403
1485	6406
1479	6408
1471	6410
1469	6413
1473	6415
1474	6418
1471	6420
1465	6422
1462	6425
1464	6427
1462	6430
1470	6432
1489	6434
1503	6437
1504	6439
1491	6443
1473	6445
1465	6447
1470	6450
1483	6452
1486	6455
1489	6457
1491	6459
1486	6462
1477	6464
1475	6467
1480	6469
1507	6471
1525	6474
1530	6476
1512	6479
1490	6481
1478	6483
1476	6487
1474	6489
1473	6492
1468	6494
1463	6496
1467	6499
1477	6501
1484	6504
1484	6506
1480	6509
1472	6511
1474	6513
1471	6516
1472	6518
1473	6521
1480	6523
1484	6525
1490	6529
1490	6531
1490	6534
1487	6536
1487	6538
1486	6541
1484	6543
1482	6546
1482	6548
1484	6550
1482	6553
1486	6555
1485	6558
1480	6560
1475	6562
1474	6565
1474	6567
1472	6571
1469	6573
1467	6575
1468	6578
1470	6580
1471	6583
1470	6585
1473	6587
1476	6590
1477	6592
1478	6595
1475	6597
1472	6600
1469	6602
1465	6604
1481	6607
1495	6609
1502	6612
1501	6615
1490	6617
1485	6620
1475	6622
1468	6625
1465	6627
1465	6629
1466	6632
1466	6634
1473	6637
1482	6639
1488	6641
1485	6644
1482	6646
1489	6649
1501	6651
1503	6653
1498	6657
1488	6659
1480	6662
1468	6664
1455	6666
1451	6669
1462	6671
1478	6674
1490	6676
1494	6678
1501	6681
1507	6683
1507	6686
1492	6688
1486	6691
1484	6693
1488	6695
1501	6699
1508	6701
1509	6704
1502	6706
1494	6708
1492	6711
1491	6713
1489	6716
1484	6718
1487	6720
1492	6723
1495	6725
1491	6728
1482	6730
1484	6732
1485	6735
1484	6737
1484	6740
1485	6743
1485	6745
1485	6748
1479	6750
1473	6753
1472	6755
1463	6757
1463	6760
1464	6762
1469	6765
1472	6767
1470	6770
1475	6772
1483	6774
1495	6777
1506	6779
1504	6782
1502	6785
1508	6787
1508	6790
1499	6792
1485	6795
1481	6797
1484	6799
1488	6802
1487	6804
1486	6807
1487	6809
1488	6811
1487	6814
1482	6816
1483	6819
1485	6821
1486	6823
1482	6827
1480	6829
1480	6832
1481	6834
1482	6836
1480	6839
1493	6841
1511	6844
1523	6846
1517	6848
1503	6851
1495	6853
1483	6856
1482	6858
1488	6861
1499	6863
1501	6865
1501	6868
1499	6871
1497	6874
1483	6876
1473	6878
1475	6881
1487	6883
1500	6886
1499	6888
1491	6890
1491	6893
1506	6895
1511	6898
1503	6900
1489	6902
1486	6905
1487	6907
1486	6910
1473	6913
1474	6915
1486	6918
1507	6920
1511	6923
1506	6925
1502	6927
1500	6930
1493	6932
1482	6935
1470	6937
1465	6940
1478	6942
1494	6944
1503	6947
1498	6949
1493	6952
1493	6955
1490	6957
1484	6960
1479	6962
1481	6965
1483	6967
1487	6969
1481	6972
1475	6974
1479	6977
1490	6979
1503	6981
1516	6984
1518	6986
1508	6989
1493	6991
1481	6993
1481	6996
1488	6999
1500	7002
1505	7004
1503	7007
1500	7009
1487	7011
1488	7014
1498	7016
1512	7019
1514	7021
1507	7023
1494	7026
1486	7028
1479	7031
1477	7033
1483	7035
1490	7038
1492	7041
1486	7044
1479	7046
1474	7048
1467	7051
1458	7053
1449	7056
1440	7058
1444	7060
1452	7063
1467	7065
1479	7068
1482	7070
1485	7072
1491	7075
1496	7077
1499	7080
1510	7083
1517	7086
1518	7088
1516	7090
1505	7093
1500	7095
1505	7098
1499	7100
1485	7102
1467	7105
1465	7107
1472	7110
1488	7112
1496	7114
1504	7117
1503	7119
1502	7122
1499	7124
1483	7127
1472	7130
1471	7132
1479	7135
1481	7137
1480	7139
1479	7142
1477	7144
1478	7147
1485	7149
1490	7152
1491	7154
1488	7156
1489	7159
1491	7161
1489	7164
1486	7166
1483	7169
1482	7172
1493	7174
1505	7177
1515	7179
1519	7181
1514	7184
1500	7186
1489	7189
1486	7191
1487	7193
1487	7196
1478	7198
1472	7201
1475	7203
1464	7205
1457	7208
1462	7211
1481	7214
1490	7216
1487	7219
1482	7221
1480	7223
1469	7226
1464	7228
1467	7231
1475	7233
1490	7235
1506	7238
1519	7240
1517	7243
1505	7245
1492	7247
1486	7250
1486	7252
1490	7256
1493	7258
1497	7260
1501	7263
1506	7265
1506	7268
1499	7270
1489	7272
1485	7275
1487	7277
1492	7280
1494	7282
1489	7284
1483	7287
1478	7289
1472	7292
1470	7294
1466	7298
1461	7300
1461	7302
1467	7305
1474	7307
1479	7310
1483	7312
1485	7314
1487	7317
1491	7319
1501	7322
1505	7324
1497	7326
1486	7329
1476	7331
1466	7334
1467	7336
1472	7339
1479	7342
1486	7344
1495	7347
1494	7349
1494	7351
1502	7354
1503	7356
1498	7359
1486	7361
1490	7364
1493	7366
1497	7368
1499	7371
1497	7373
1496	7376
1493	7378
1487	7380
1483	7384
1480	7386
1479	7389
1481	7391
1486	7393
1489	7396
1479	7398
1475	7401
1474	7403
1481	7405
1485	7408
1485	7410
1485	7413
1484	7415
1477	7417
1461	7420
1462	7422
1486	7426
1510	7428
1509	7431
1496	7433
1485	7435
1482	7438
1493	7440
1511	7443
1524	7445
1525	7447
1518	7450
1519	7452
1520	7455
1513	7457
1498	7459
1487	7462
1483	7464
1486	7468
1488	7470
1483	7472
1481	7475
1484	7477
1486	7480
1480	7482
1474	7484
1469	7487
1470	7489
1476	7492
1473	7494
1467	7496
1475	7499
1492	7501
1498	7504
1499	7506
1499	7510
1501	7512
1505	7514
1506	7517
1497	7519
1487	7522
1486	7524
1499	7526
1503	7529
1497	7531
1491	7534
1487	7536
1486	7538
1485	7541
1477	7543
1467	7546
1468	7548
1479	7550
1486	7554
1482	7556
1476	7559
1473	7561
1464	7563
1459	7566
1463	7568
1481	7571
1493	7573
1499	7576
1507	7578
1516	7580
1505	7583
1495	7585
1499	7588
1513	7590
1519	7592
1517	7596
1506	7598
1496	7601
1474	7603
1460	7605
1471	7608
1494	7610
1511	7613
1506	7615
1492	7617
1491	7620
1495	7622
1505	7625
1506	7627
1501	7630
1496	7632
1498	7634
1499	7638
1495	7640
1489	7643
1485	7645
1486	7647
1488	7650
1487	7652
1484	7655
1478	7657
1476	7659
1474	7662
1476	7664
1474	7667
1477	7669
1485	7671
1496	7674
1506	7676
1510	7680
1503	7682
1494	7684
1490	7687
1488	7689
1487	7692
1495	7694
1492	7696
1472	7699
1455	7701
1465	7704
1487	7706
1490	7709
1483	7711
1483	7713
1486	7716
1486	7718
1484	7721
1482	7724
1476	7726
1470	7729
1468	7731
1469	7734
1472	7736
1480	7738
1491	7741
1494	7743
1491	7746
1485	7748
1487	7750
1491	7753
1496	7755
1499	7758
1501	7760
1506	7762
1512	7766
1515	7768
1504	7771
1497	7773
1499	7775
1500	7778
1499	7780
1496	7783
1492	7785
1494	7788
1497	7790
1494	7792
1485	7795
1475	7797
1470	7800
1468	7802
1473	7804
1480	7808
1483	7810
1484	7813
1485	7815
1486	7817
1485	7820
1489	7822
1499	7825
1506	7827
1506	7829
1504	7832
1501	7834
1499	7837
1492	7839
1487	7841
1487	7844
1496	7846
1495	7849
1494	7852
1507	7854
1517	7857
1517	7859
1504	7862
1488	7864
1481	7867
1478	7869
1480	7871
1488	7874
1505	7876
1508	7879
1504	7881
1505	7883
1505	7886
1505	7888
1504	7891
1500	7894
1498	7896
1496	7899
1493	7901
1489	7904
1487	7906
1486	7908
1487	7911
1487	7913
1489	7916
1494	7918
1498	7920
1498	7923
1494	7925
1495	7928
1501	7930
1502	7933
1495	7936
1489	7938
1491	7941
1503	7943
1510	7946
1503	7948
1488	7950
1473	7953
1470	7955
1478	7958
1491	7960
1493	7962
1488	7965
1487	7967
1487	7970
1487	7972
1489	7974
1491	7977
1490	7980
1487	7983
1487	7985
1485	7987
1486	7990
1489	7992
1490	7995
1491	7997
1489	8000
1486	8002
1488	8004
1491	8007
1483	8009
1467	8012
1462	8014
1477	8016
1489	8019
1486	8022
1481	8025
1480	8027
1488	8029
1491	8032
1491	8034
1486	8037
1482	8039
1483	8041
1488	8044
1488	8046
1481	8049
1477	8051
1475	8053
1475	8056
1474	8058
1474	8061
1478	8064
1486	8066
1498	8069
1503	8071
1501	8074
1494	8076
1490	8078
1487	8081
1489	8083
1494	8086
1495	8088
1492	8091
1486	8093
1487	8095
1487	8098
1485	8100
1478	8103
1476	8105
1480	8108
1489	8111
1492	8113
1490	8116
1489	8118
1487	8120
1483	8123
1481	8125
1480	8128
1483	8130
1490	8132
1497	8135
1503	8137
1495	8140
1486	8142
1480	8144
1495	8147
1511	8150
1511	8153
1507	8155
1496	8157
1487	8160
1479	8162
1474	8165
1475	8167
1481	8169
1478	8172
1470	8174
1465	8177
1468	8179
1476	8182
1484	8184
1487	8186
1490	8189
1495	8192
1498	8195
1496	8197
1490	8199
1486	8202
1484	8204
1485	8207
1486	8209
1492	8211
1499	8214
1500	8216
1488	8219
1480	8221
1484	8223
1495	8226
1503	8228
1500	8231
1491	8233
1486	8236
1481	8239
1477	8241
1476	8244
1478	8246
1479	8248
1481	8251
1483	8253
1486	8256
1493	8258
1495	8261
1500	8263
1498	8265
1493	8268
1492	8270
1494	8273
1491	8275
1489	8278
1488	8281
1487	8283
1482	8286
1482	8288
1484	8290
1487	8293
1498	8295
1504	8298
1501	8300
1495	8302
1493	8305
1489	8307
1485	8310
1485	8312
1489	8314
1497	8317
1507	8320
1513	8323
1516	8325
1515	8327
1509	8330
1502	8332
1496	8335
1489	8337
1480	8340
1473	8342
1469	8344
1467	8347
1467	8349
1469	8352
1474	8354
1473	8356
1471	8359
1473	8361
1479	8365
1493	8367
1504	8369
1503	8372
1497	8374
1491	8377
1490	8379
1490	8381
1488	8384
1485	8386
1483	8389
1488	8391
1493	8393
1498	8396
1498	8398
1498	8401
1499	8403
1504	8406
1503	8409
1492	8411
1478	8414
1468	8416
1466	8418
1472	8421
1478	8423
1484	8426
1488	8428
1494	8431
1498	8433
1499	8435
1501	8438
1496	8440
1489	8443
1484	8445
1488	8448
1494	8451
1500	8453
1499	8456
1494	8458
1490	8460
1488	8463
1492	8465
1497	8468
1500	8470
1499	8472
1493	8475
1485	8477
1483	8480
1485	8482
1489	8484
1495	8487
1496	8489
1497	8493
1494	8495
1491	8497
1491	8500
1489	8502
1487	8505
1486	8507
1488	8510
1486	8512
1485	8514
1478	8517
1470	8519
1472	8522
1486	8524
1494	8526
1493	8529
1492	8531
1490	8535
1490	8537
1491	8539
1496	8542
1501	8544
1501	8547
1494	8549
1490	8551
1491	8554
1496	8556
1502	8559
1506	8561
1502	8563
1494	8566
1491	8568
1492	8571
1494	8573
1490	8576
1482	8579
1479	8581
1483	8584
1489	8586
1489	8589
1488	8591
1499	8593
1511	8596
1516	8598
1512	8601
1504	8603
1490	8605
1481	8608
1478	8610
1478	8613
1481	8615
1478	8617
1477	8621
1479	8623
1485	8626
1489	8628
1488	8630
1483	8633
1478	8635
1475	8638
1474	8640
1481	8642
1489	8645
1496	8647
1504	8650
1508	8652
1507	8655
1501	8657
1492	8659
1487	8663
1486	8665
1493	8668
1496	8670
1498	8672
1502	8675
1508	8677
1512	8680
1508	8682
1499	8684
1493	8687
1491	8689
1486	8692
1488	8694
1494	8696
1491	8699
1484	8701
1479	8705
1480	8707
1479	8709
1478	8712
1476	8714
1475	8717
1473	8719
1475	8721
1480	8724
1494	8726
1507	8729
1514	8731
1513	8734
1508	8736
1500	8738
1492	8741
1486	8743
1487	8747
1483	8749
1473	8751
1467	8754
1469	8756
1475	8759
1479	8761
1484	8763
1484	8766
1484	8768
1483	8771
1482	8773
1484	8775
1485	8778
1483	8780
1480	8783
1477	8785
1474	8787
1475	8791
1477	8793
1479	8796
1479	8798
1478	8801
1479	8803
1487	8805
1496	8808
1499	8810
1497	8813
1483	8815
1472	8817
1463	8820
1470	8822
1475	8825
1475	8827
1478	8829
1483	8833
1492	8835
1496	8838
1494	8840
1494	8842
1491	8845
1487	8847
1490	8850
1497	8852
1500	8854
1498	8857
1493	8859
1491	8862
1492	8864
1494	8866
1496	8869
1495	8871
1488	8875
1479	8877
1476	8880
1479	8882
1487	8884
1489	8887
1484	8889
1481	8892
1482	8894
1484	8896
1485	8899
1489	8901
1491	8904
1488	8906
1479	8908
1470	8911
1471	8913
1479	8916
1485	8919
1486	8921
1489	8924
1492	8926
1492	8929
1492	8931
1492	8933
1485	8936
1482	8938
1477	8941
1482	8943
1495	8946
1500	8948
1501	8950
1493	8953
1486	8955
1485	8958
1486	8961
1487	8963
1484	8966
1483	8968
1487	8971
1489	8973
1495	8975
1498	8978
1492	8980
1487	8983
1482	8985
1483	8987
1485	8990
1487	8992
1488	8995
1487	8997
1480	8999
1465	9003
1459	9005
1466	9008
1475	9010
1480	9012
1486	9015
1489	9017
1491	9020
1496	9022
1500	9024
1500	9027
1493	9029
1483	9032
1482	9034
1484	9037
1485	9039
1482	9041
1476	9044
1478	9047
1491	9050
1497	9052
1503	9054
1503	9057
1494	9059
1485	9062
1483	9064
1482	9066
1487	9069
1494	9071
1492	9074
1484	9076
1478	9078
1482	9081
1488	9083
1492	9086
1496	9089
1495	9091
1489	9094
1482	9096
1476	9099
1483	9101
1493	9104
1499	9106
1493	9108
1488	9111
1487	9113
1493	9116
1495	9118
1495	9120
1497	9123
1498	9125
1497	9128
1494	9131
1495	9133
1498	9136
1497	9138
1494	9141
1495	9143
1494	9145
1489	9148
1482	9150
1477	9153
1478	9155
1481	9157
1482	9160
1481	9162
1485	9165
1493	9167
1499	9170
1498	9172
1496	9175
1494	9178
1491	9180
1492	9183
1494	9185
1490	9187
1487	9190
1487	9192
1488	9195
1491	9197
1492	9199
1486	9202
1481	9204
1477	9207
1480	9209
1486	9211
1486	9214
1484	9217
1485	9220
1485	9222
1485	9224
1484	9227
1489	9229
1493	9232
1498	9234
1501	9237
1504	9239
1504	9241
1505	9244
1502	9246
1488	9249
1478	9251
1477	9253
1483	9256
1490	9259
1494	9262
1491	9264
1487	9266
1482	9269
1482	9271
1483	9274
1481	9276
1476	9278
1474	9281
1480	9283
1485	9286
1488	9288
1489	9290
1489	9293
1488	9295
1485	9298
1477	9300
1467	9303
1465	9306
1479	9308
1495	9311
1507	9313
1512	9316
1507	9318
1496	9320
1494	9323
1490	9325
1490	9328
1492	9330
1501	9332
1506	9335
1502	9337
1493	9340
1490	9342
1487	9345
1484	9348
1480	9350
1479	9353
1481	9355
1482	9357
1480	9360
1482	9362
1484	9365
1482	9367
1475	9369
1470	9372
1469	9374
1473	9377
1480	9379
1489	9381
1496	9384
1498	9387
1494	9390
1492	9392
1486	9395
1483	9397
1486	9399
1494	9402
1495	9404
1492	9407
1491	9409
1491	9411
1489	9414
1485	9416
1479	9419
1478	9421
1482	9423
1482	9426
1482	9428
1485	9432
1491	9434
1492	9436
1492	9439
1498	9441
1507	9444
1511	9446
1511	9448
1507	9451
1499	9453
1495	9456
1490	9458
1484	9461
1478	9463
1477	9465
1477	9468
1474	9470
1479	9474
1493	9476
1501	9478
1499	9481
1493	9483
1485	9486
1481	9488
1476	9490
1481	9493
1479	9495
1480	9498
1485	9500
1499	9502
1510	9505
1504	9507
1497	9510
1492	9512
1486	9515
1484	9518
1483	9520
1480	9523
1477	9525
1473	9528
1470	9530
1472	9532
1477	9535
1480	9537
1482	9540
1482	9542
1479	9544
1478	9547
1480	9549
1484	9552
1484	9554
1482	9556
1478	9560
1478	9562
1484	9565
1489	9567
1491	9569
1494	9572
1502	9574
1506	9577
1503	9579
1500	9581
1499	9584
1496	9586
1490	9589
1479	9591
1469	9594
1474	9596
1483	9598
1491	9602
1497	9604
1495	9607
1490	9609
1485	9611
1482	9614
1480	9616
1477	9619
1475	9621
1475	9623
1475	9626
1476	9628
1479	9631
1485	9633
1490	9635
1493	9638
1498	9640
1504	9644
1511	9646
1515	9648
1517	9651
1512	9653
1503	9656
1495	9658
1493	9660
1494	9663
1491	9665
1486	9668
1483	9670
1478	9673
1471	9675
1472	9677
1484	9680
1496	9682
1499	9686
1499	9688
1499	9690
1496	9693
1493	9695
1496	9698
1495	9700
1494	9702
1492	9705
1489	9707
1488	9710
1491	9712
1497	9714
1500	9717
1500	9719
1498	9722
1496	9724
1496	9726
1493	9730
1489	9732
1485	9735
1488	9737
1490	9739
1487	9742
1486	9744
1482	9747
1484	9749
1486	9752
1484	9754
1480	9756
1485	9759
1492	9761
1495	9764
1494	9766
1493	9768
1490	9772
1488	9774
1491	9777
1496	9779
1498	9781
1497	9784
1495	9786
1497	9789
1499	9791
1494	9793
1485	9796
1480	9798
1482	9801
1484	9803
1481	9805
1477	9808
1474	9810
1474	9814
1478	9816
1476	9818
1471	9821
1472	9823
1478	9826
1485	9828
1489	9831
1493	9833
1497	9835
1500	9838
1501	9840
1499	9843
1499	9845
1497	9847
1489	9850
1485	9852
1486	9856
1492	9858
1496	9860
1495	9863
1494	9865
1495	9868
1495	9870
1491	9872
1489	9875
1492	9877
1497	9880
1499	9882
1495	9884
1488	9887
1485	9889
1482	9892
1482	9894
1480	9897
1476	9900
1474	9902
1482	9905
1491	9907
1494	9910
1498	9912
1499	9914
1501	9917
1500	9919
1501	9922
1504	9924
1508	9926
1502	9929
1492	9931
1480	9934
1477	9936
1486	9938
1493	9942
1496	9944
1493	9947
1484	9949
1477	9951
1474	9954
1479	9956
1486	9959
1487	9961
1483	9964
1484	9966
1487	9968
1491	9971
1492	9973
1495	9976
1492	9978
1485	9980
1477	9984
1475	9986
1482	9989
1490	9991
1493	9993
1495	9996
1494	9998
1497	10001
1498	10003
1498	10006
1497	10008
1495	10010
1491	10013
1488	10015
1487	10018
1487	10020
1486	10023
1487	10025
1490	10029
1494	10031
1494	10034
1497	10036
1498	10038
1496	10041
1491	10043
1485	10046
1479	10048
1476	10051
1477	10053
1480	10056
1485	10058
1489	10061
1488	10063
1488	10065
1490	10068
1488	10071
1482	10074
1482	10076
1491	10079
1502	10081
1506	10084
1503	10086
1501	10089
1498	10091
1494	10094
1488	10096
1481	10098
1476	10101
1478	10103
1481	10106
1480	10108
1480	10112
1482	10114
1481	10117
1483	10119
1486	10122
1489	10124
1492	10126
1487	10129
1477	10131
1474	10134
1476	10136
1479	10139
1480	10141
1480	10144
1483	10146
1485	10149
1483	10151
1480	10153
1484	10157
1490	10159
1494	10162
1496	10164
1496	10167
1492	10169
1487	10172
1487	10174
1486	10177
1489	10179
1490	10182
1484	10184
1472	10186
1467	10189
1477	10191
1485	10194
1482	10196
1479	10200
1480	10202
1484	10205
1489	10207
1492	10210
1497	10212
1499	10214
1498	10217
1494	10219
1490	10222
1487	10224
1485	10227
1483	10229
1481	10232
1489	10234
1501	10237
1506	10240
1507	10242
1504	10245
1502	10247
1495	10250
1488	10252
1482	10255
1483	10257
1479	10260
1477	10262
1482	10265
1492	10267
1497	10270
1496	10272
1493	10274
1492	10277
1490	10279
1489	10283
1485	10285
1482	10288
1480	10290
1481	10293
1486	10295
1493	10298
1498	10300
1498	10302
1493	10305
1484	10307
1479	10310
1479	10312
1480	10315
1484	10317
1488	10320
1488	10322
1487	10326
1487	10328
1486	10330
1479	10333
1469	10335
1466	10338
1474	10340
1487	10343
1492	10345
1491	10348
1489	10350
1488	10353
1485	10355
1484	10358
1485	10360
1489	10362
1491	10365
1495	10368
1499	10371
1498	10373
1495	10376
1492	10378
1491	10381
1491	10383
1492	10386
1492	10388
1488	10390
1481	10393
1478	10395
1483	10398
1489	10400
1493	10403
1491	10405
1484	10408
1480	10411
1482	10414
1483	10416
1479	10418
1472	10421
1470	10423
1473	10426
1480	10428
1487	10431
1489	10433
1484	10436
1483	10438
1486	10441
1495	10443
1499	10445
1494	10448
1484	10450
1480	10454
1484	10456
1497	10459
1507	10461
1503	10464
1499	10466
1493	10469
1493	10471
1501	10474
1507	10476
1513	10478
1511	10481
1508	10483
1503	10486
1504	10488
1508	10491
1510	10493
1511	10497
1511	10499
1505	10502
1496	10504
1490	10506
1494	10509
1496	10511
1499	10514
1497	10516
1497	10519
1493	10521
1487	10524
1477	10526
1467	10529
1460	10531
1456	10533
1461	10536
1467	10539
1476	10542
1480	10544
1480	10547
1473	10549
1472	10552
1478	10554
1490	10557
1495	10559
1493	10561
1491	10564
1489	10566
1491	10569
1490	10571
1486	10574
1480	10576
1476	10579
1477	10582
1483	10585
1485	10587
1486	10590
1483	10592
1482	10594
1483	10597
1483	10599
1478	10602
1472	10604
1468	10607
1470	10609
1478	10612
1487	10614
1495	10617
1498	10619
1494	10621
1489	10625
1485	10627
1480	10630
1478	10632
1481	10635
1481	10637
1481	10640
1480	10642
1480	10645
1483	10647
1485	10649
1488	10652
1487	10654
1497	10657
1502	10659
1500	10662
1495	10664
1493	10668
1493	10670
1486	10673
1479	10675
1482	10678
1488	10680
1489	10682
1486	10685
1483	10687
1478	10690
1476	10692
1474	10695
1478	10697
1485	10700
1494	10702
1499	10705
1499	10707
1494	10710
1490	10713
1492	10715
1492	10718
1489	10720
1489	10723
1487	10725
1487	10728
1487	10730
1484	10733
1484	10735
1483	10737
1480	10740
1480	10742
1486	10745
1495	10747
1498	10750
1494	10753
1488	10756
1484	10758
1480	10761
1477	10763
1479	10765
1483	10768
1481	10770
1478	10773
1477	10775
1478	10778
1482	10780
1489	10783
1499	10785
1501	10788
1494	10790
1489	10793
1488	10796
1483	10798
1476	10801
1480	10803
1489	10806
1495	10808
1494	10811
1488	10813
1487	10816
1487	10818
1487	10821
1493	10823
1501	10825
1501	10828
1492	10830
1481	10833
1473	10835
1476	10839
1477	10841
1474	10844
1472	10846
1468	10849
1468	10851
1471	10853
1476	10856
1483	10858
1495	10861
1506	10863
1504	10866
1496	10868
1495	10871
1497	10873
1497	10876
1493	10878
1484	10881
1476	10884
1473	10886
1475	10889
1477	10891
1473	10894
1472	10896
1480	10899
1487	10901
1491	10904
1491	10906
1490	10909
1484	10911
1479	10913
1481	10916
1488	10918
1495	10921
1498	10924
1501	10927
1504	10929
1504	10932
1498	10934
1492	10937
1489	10939
1490	10941
1490	10944
1492	10946
1490	10949
1487	10951
1484	10954
1488	10956
1491	10959
1494	10961
1494	10964
1490	10967
1480	10969
1474	10972
1481	10974
1503	10977
1521	10979
1521	10982
1511	10984
1502	10987
1499	10989
1495	10992
1487	10994
1479	10997
1482	10999
1488	11001
1487	11004
1490	11006
1500	11010
1503	11012
1498	11015
1491	11017
