1484	2
1483	5
1483	7
1484	9
1484	11
1485	14
1485	16
1484	18
1482	21
1485	23
1487	25
1488	27
1487	30
1487	32
1487	34
1487	37
1488	39
1488	41
1489	45
1490	47
1489	49
1486	51
1484	54
1484	56
1486	58
1487	61
1486	63
1486	65
1484	68
1483	70
1483	72
1483	75
1482	77
1482	79
1484	81
1486	84
1487	87
1486	89
1488	92
1490	94
1492	96
1492	99
1491	101
1489	103
1487	106
1489	108
1490	110
1488	113
1485	115
1482	117
1484	120
1486	122
1486	124
1485	128
1484	130
1484	132
1485	135
1488	137
1490	140
1489	142
1488	144
1487	147
1486	149
1487	151
1489	154
1490	156
1489	158
1487	161
1484	163
1484	165
1485	168
1487	171
1490	173
1491	176
1490	178
1486	181
1482	183
1482	185
1484	188
1484	190
1482	192
1483	195
1483	197
1483	199
1482	202
1483	204
1483	206
1484	209
1484	211
1485	215
1486	217
1487	219
1488	222
1487	224
1486	226
1483	229
1485	231
1487	233
1488	236
1488	238
1488	240
1486	243
1485	245
1485	247
1488	250
1490	252
1491	256
1486	258
1482	260
1478	263
1477	265
1481	267
1487	270
1488	272
1490	274
1491	277
1493	279
1490	281
1488	284
1486	286
1487	288
1487	291
1487	293
1485	296
1482	299
1480	301
1481	304
1483	306
1486	308
1488	311
1490	313
1491	315
1492	318
1491	320
1488	322
1487	325
1487	327
1486	329
1484	332
1483	334
1483	337
1488	339
1492	342
1492	345
1491	347
1490	349
1490	352
1491	354
1492	356
1491	359
1490	361
1487	363
1485	366
1484	368
1485	371
1485	373
1486	375
1488	378
1492	380
1497	382
1498	386
1495	388
1491	390
1488	393
1486	395
1485	397
1487	400
1491	402
1491	404
1490	407
1489	409
1488	412
1489	414
1488	416
1490	419
1491	421
1492	423
1493	427
1492	429
1490	431
1488	434
1485	436
1485	438
1486	441
1488	443
1489	445
1488	448
1487	450
1488	453
1487	455
1485	457
1486	460
1490	462
1492	464
1492	467
1492	470
1494	472
1493	475
1493	477
1491	479
1489	482
1488	484
1488	487
1490	489
1490	491
1490	494
1490	496
1493	498
1495	501
1496	503
1495	505
1494	508
1492	510
1488	513
1487	516
1488	518
1489	520
1489	523
1487	525
1487	528
1486	530
1488	532
1491	535
1493	537
1493	539
1493	542
1491	544
1487	546
1485	549
1484	551
1485	553
1489	557
1490	559
1489	562
1489	564
1490	566
1493	569
1495	571
1495	573
1494	576
1491	578
1491	580
1490	583
1490	585
1492	587
1494	590
1495	592
1493	594
1492	598
1492	600
1491	603
1492	605
1493	607
1494	610
1497	612
1498	614
1495	617
1491	619
1486	621
1484	624
1486	626
1488	628
1489	631
1489	633
1485	636
1483	638
1484	641
1487	644
1488	646
1488	648
1489	651
1488	653
1488	655
1486	658
1484	660
1486	662
1488	665
1488	667
1487	669
1485	672
1485	674
1485	677
1487	679
1492	681
1495	685
1494	687
1492	689
1489	692
1487	694
1487	696
1488	699
1489	701
1489	703
1488	706
1489	708
1490	710
1489	713
1487	715
1486	718
1487	720
1489	722
1491	726
1491	728
1491	730
1490	733
1491	735
1490	737
1488	740
1487	742
1486	744
1485	747
1482	749
1484	751
1488	754
1493	756
1495	759
1496	761
1494	763
1491	766
1490	769
1490	771
1492	774
1495	776
1495	778
1493	781
1493	783
1492	785
1493	788
1493	790
1490	793
1485	795
1485	797
1492	800
1497	802
1497	804
1498	807
1498	809
1498	812
1498	815
1498	817
1498	819
1499	822
1499	824
1501	826
1503	829
1505	831
1504	834
1502	836
1501	838
1499	841
1499	843
1499	845
1499	848
1498	850
1497	852
1496	856
1497	858
1498	860
1499	863
1498	865
1497	867
1497	870
1500	872
1501	875
1502	877
1501	879
1499	882
1496	884
1497	886
1498	889
1498	891
1498	893
1498	897
1498	899
1499	901
1500	904
1501	906
1501	909
1502	911
1504	913
1504	916
1504	918
1504	920
1504	923
1503	925
1501	927
1500	930
1499	932
1499	934
1498	937
1498	940
1497	942
1495	945
1494	947
1494	950
1496	952
1496	954
1496	957
1498	959
1499	961
1500	964
1499	966
1498	968
1496	971
1495	973
1495	975
1496	978
1497	980
1499	984
1500	986
1497	988
1494	991
1493	993
1493	995
1496	998
1498	1000
1498	1002
1497	1005
1497	1007
1495	1010
1492	1012
1492	1014
1493	1017
1493	1019
1492	1022
1492	1025
1492	1027
1493	1030
1494	1032
1494	1035
1492	1037
1491	1039
1493	1042
1497	1044
1500	1047
1501	1049
1501	1051
1500	1054
1497	1056
1495	1059
1494	1061
1495	1064
1495	1067
1492	1069
1491	1072
1492	1074
1494	1077
1495	1079
1495	1081
1494	1084
1493	1086
1493	1089
1493	1091
1492	1093
1491	1096
1490	1098
1488	1101
1486	1103
1485	1105
1485	1108
1484	1111
1484	1114
1485	1116
1486	1118
1487	1121
1489	1123
1490	1126
1489	1128
1487	1130
1486	1133
1487	1135
1488	1138
1487	1140
1486	1142
1483	1145
1479	1147
1479	1150
1483	1153
1486	1156
1487	1158
1486	1160
1489	1163
1492	1165
1490	1168
1484	1170
1482	1172
1484	1175
1485	1177
1485	1180
1484	1182
1483	1184
1481	1187
1481	1189
1481	1192
1483	1195
1482	1197
1481	1200
1482	1202
1484	1205
1485	1207
1485	1209
1484	1212
1483	1214
1482	1217
1484	1219
1484	1221
1484	1224
1482	1226
1481	1229
1483	1231
1488	1233
1492	1236
1493	1239
1491	1242
1490	1244
1490	1247
1488	1249
1487	1251
1489	1254
1490	1256
1489	1259
1484	1261
1483	1263
1484	1266
1486	1268
1488	1271
1488	1273
1488	1275
1488	1278
1489	1281
1487	1284
1487	1286
1490	1288
1493	1291
1494	1293
1494	1296
1496	1298
1496	1300
1494	1303
1491	1305
1488	1308
1487	1310
1488	1312
1487	1315
1486	1317
1484	1320
1483	1323
1483	1325
1481	1328
1479	1330
1483	1333
1489	1335
1494	1337
1495	1340
1493	1342
1490	1345
1488	1347
1486	1350
1486	1352
1484	1354
1482	1357
1481	1359
1482	1362
1482	1364
1483	1367
1485	1370
1486	1372
1486	1375
1486	1377
1485	1379
1485	1382
1485	1384
1485	1387
1486	1389
1487	1391
1488	1394
1489	1396
1488	1399
1489	1401
1490	1403
1489	1406
1486	1409
1482	1412
1480	1414
1478	1416
1479	1419
1482	1421
1483	1424
1479	1426
1476	1428
1476	1431
1480	1433
1482	1436
1483	1438
1482	1440
1480	1443
1479	1445
1480	1448
1481	1451
1480	1454
1478	1456
1479	1458
1482	1461
1483	1463
1485	1466
1489	1468
1491	1470
1491	1473
1489	1475
1485	1478
1483	1480
1482	1482
1481	1485
1482	1487
1482	1490
1481	1492
1482	1495
1482	1498
1481	1500
1481	1503
1482	1505
1484	1507
1484	1510
1483	1512
1484	1515
1485	1517
1486	1519
1485	1522
1484	1524
1482	1527
1479	1529
1478	1531
1481	1534
1484	1537
1486	1540
1486	1542
1485	1544
1485	1547
1483	1549
1483	1552
1482	1554
1482	1557
1481	1559
1480	1561
1479	1564
1479	1566
1480	1569
1480	1571
1480	1573
1481	1576
1481	1579
1484	1582
1486	1584
1487	1586
1484	1589
1481	1591
1479	1594
1476	1596
1475	1598
1476	1601
1479	1603
1478	1606
1480	1608
1485	1610
1489	1613
1490	1615
1488	1618
1485	1620
1483	1623
1483	1626
1485	1628
1486	1631
1486	1633
1484	1636
1482	1638
1482	1640
1480	1643
1479	1645
1480	1648
1482	1650
1484	1652
1483	1655
1483	1657
1481	1660
1479	1662
1478	1665
1478	1668
1479	1670
1481	1673
1481	1675
1480	1677
1477	1680
1476	1682
1477	1685
1479	1687
1477	1689
1474	1692
1474	1694
1478	1697
1486	1699
1488	1701
1489	1704
1487	1707
1483	1710
1482	1712
1482	1714
1480	1717
1479	1719
1479	1722
1479	1724
1479	1726
1480	1729
1480	1731
1479	1734
1478	1736
1477	1739
1479	1741
1483	1743
1486	1746
1487	1748
1487	1752
1488	1754
1487	1756
1486	1759
1484	1761
1484	1764
1485	1766
1485	1768
1483	1771
1483	1773
1483	1776
1481	1778
1478	1780
1476	1783
1477	1785
1480	1788
1480	1790
1478	1793
1477	1796
1477	1798
1475	1801
1473	1803
1474	1805
1477	1808
1479	1810
1479	1813
1480	1815
1479	1817
1478	1820
1476	1822
1477	1825
1479	1827
1481	1829
1482	1832
1484	1835
1488	1838
1492	1840
1493	1843
1492	1845
1493	1847
1493	1850
1490	1852
1488	1855
1484	1857
1483	1859
1482	1862
1482	1864
1481	1867
1479	1869
1478	1871
1477	1874
1478	1876
1480	1880
1481	1882
1480	1884
1480	1887
1481	1889
1481	1892
1478	1894
1475	1896
1474	1899
1477	1901
1480	1904
1482	1906
1481	1908
1479	1911
1479	1913
1483	1916
1487	1918
1486	1921
1483	1924
1482	1926
1480	1929
1479	1931
1479	1934
1478	1936
1480	1938
1482	1941
1482	1943
1482	1946
1484	1948
1485	1950
1484	1953
1483	1955
1483	1958
1482	1960
1481	1963
1480	1966
1478	1968
1476	1971
1475	1973
1477	1975
1477	1978
1475	1980
1474	1983
1475	1985
1478	1987
1481	1990
1484	1992
1485	1995
1483	1997
1482	1999
1480	2002
1480	2004
1481	2008
1481	2010
1480	2012
1481	2015
1482	2017
1482	2020
1481	2022
1481	2025
1480	2027
1480	2029
1479	2032
1479	2034
1479	2037
1479	2039
1479	2041
1478	2044
1475	2046
1474	2050
1476	2052
1480	2054
1481	2057
1480	2059
1478	2062
1478	2064
1480	2066
1482	2069
1485	2071
1487	2074
1487	2076
1485	2078
1484	2081
1484	2083
1484	2086
1484	2088
1483	2091
1483	2094
1482	2096
1481	2099
1480	2101
1481	2103
1480	2106
1480	2108
1481	2111
1483	2113
1483	2115
1483	2118
1483	2120
1482	2123
1482	2125
1483	2128
1483	2130
1483	2132
1482	2136
1482	2138
1483	2141
1483	2143
1484	2145
1483	2148
1480	2150
1479	2153
1483	2155
1488	2157
1488	2160
1485	2162
1482	2165
1481	2167
1481	2169
1481	2172
1480	2174
1478	2178
1478	2180
1479	2182
1480	2185
1483	2187
1484	2190
1483	2192
1481	2194
1481	2197
1483	2199
1485	2202
1484	2204
1484	2206
1484	2209
1485	2211
1484	2214
1481	2216
1480	2219
1482	2222
1484	2224
1484	2227
1484	2229
1483	2232
1485	2234
1487	2236
1488	2239
1488	2241
1487	2244
1484	2246
1485	2248
1485	2251
1484	2253
1484	2256
1484	2258
1483	2260
1483	2264
1484	2266
1486	2269
1487	2271
1486	2273
1486	2276
1486	2278
1485	2281
1483	2283
1480	2285
1480	2288
1480	2290
1482	2293
1484	2295
1485	2297
1484	2300
1483	2302
1482	2306
1484	2308
1486	2311
1489	2313
1490	2315
1489	2318
1488	2320
1487	2323
1487	2325
1487	2327
1487	2330
1486	2332
1485	2335
1485	2337
1484	2339
1486	2342
1488	2344
1491	2348
1492	2350
1491	2352
1488	2355
1486	2357
1485	2360
1484	2362
1483	2364
1483	2367
1482	2369
1480	2372
1477	2374
1479	2376
1479	2379
1479	2381
1478	2384
1479	2386
1484	2390
1488	2392
1491	2394
1492	2397
1492	2399
1489	2402
1486	2404
1485	2406
1485	2409
1486	2411
1486	2414
1483	2416
1484	2418
1489	2421
1491	2423
1489	2426
1487	2428
1486	2430
1486	2434
1485	2436
1485	2439
1486	2441
1487	2443
1487	2446
1486	2448
1485	2451
1485	2453
1483	2455
1483	2458
1486	2460
1489	2463
1489	2465
1484	2467
1481	2470
1480	2472
1483	2476
1485	2478
1486	2481
1487	2483
1486	2485
1486	2488
1485	2490
1485	2493
1483	2495
1483	2497
1484	2500
1485	2502
1485	2505
1483	2507
1483	2509
1483	2512
1484	2514
1486	2518
1492	2520
1498	2522
1498	2525
1495	2527
1492	2530
1491	2532
1489	2534
1488	2537
1489	2539
1490	2542
1490	2544
1489	2546
1489	2549
1488	2551
1484	2554
1481	2556
1479	2560
1479	2562
1478	2564
1478	2567
1480	2569
1481	2572
1481	2574
1480	2576
1481	2579
1482	2581
1482	2584
1486	2586
1490	2588
1494	2591
1494	2593
1489	2596
1484	2598
1481	2600
1482	2604
1483	2606
1485	2609
1485	2611
1484	2613
1483	2616
1480	2618
1480	2621
1483	2623
1488	2625
1490	2628
1491	2630
1489	2633
1485	2635
1484	2637
1485	2640
1485	2642
1485	2646
1485	2648
1484	2650
1483	2653
1482	2655
1482	2658
1482	2660
1482	2662
1482	2665
1482	2667
1483	2670
1484	2672
1484	2674
1483	2677
1481	2679
1481	2682
1482	2684
1483	2688
1482	2690
1483	2692
1484	2695
1486	2697
1486	2700
1486	2702
1484	2704
1483	2707
1483	2709
1487	2712
1490	2714
1492	2716
1491	2719
1488	2721
1485	2724
1486	2726
1488	2728
1488	2732
1487	2734
1487	2737
1487	2739
1487	2741
1487	2744
1486	2746
1487	2749
1487	2751
1487	2753
1487	2756
1486	2758
1485	2761
1486	2763
1487	2765
1488	2768
1492	2770
1499	2774
1501	2776
1499	2779
1496	2781
1496	2783
1496	2786
1496	2788
1495	2791
1493	2793
1490	2795
1487	2798
1485	2800
1485	2803
1487	2805
1490	2807
1491	2810
1490	2812
1488	2816
1485	2818
1483	2820
1485	2823
1490	2825
1492	2828
1491	2830
1490	2832
1490	2835
1489	2837
1488	2840
1487	2842
1488	2844
1490	2847
1490	2849
1489	2852
1488	2854
1486	2856
1484	2860
1484	2862
1485	2865
1485	2867
1485	2870
1486	2872
1489	2874
1491	2877
1496	2879
1497	2882
1492	2884
1487	2886
1484	2889
1485	2891
1486	2894
1487	2896
1488	2898
1487	2902
1486	2904
1484	2907
1482	2909
1482	2911
1484	2914
1486	2916
1486	2919
1487	2921
1488	2923
1489	2926
1484	2928
1482	2931
1484	2933
1488	2935
1489	2938
1487	2940
1485	2944
1484	2946
1484	2948
1485	2951
1485	2953
1484	2956
1482	2958
1480	2961
1478	2963
1480	2965
1484	2968
1484	2970
1483	2973
1483	2975
1483	2977
1486	2980
1490	2982
1493	2985
1493	2988
1490	2990
1489	2993
1488	2995
1488	2998
1487	3000
1486	3002
1487	3005
1486	3007
1485	3010
1482	3012
1480	3014
1482	3017
1485	3019
1485	3022
1486	3024
1484	3026
1482	3030
1483	3032
1484	3035
1483	3037
1483	3039
1481	3042
1480	3044
1480	3047
1483	3049
1486	3052
1485	3054
1484	3056
1483	3059
1484	3061
1485	3064
1486	3066
1487	3068
1487	3072
1488	3074
1487	3077
1488	3079
1488	3081
1489	3084
1489	3086
1490	3089
1489	3091
1486	3093
1483	3096
1485	3098
1489	3101
1491	3103
1490	3105
1488	3108
1485	3110
1483	3113
1483	3116
1483	3118
1483	3121
1483	3123
1483	3126
1482	3128
1481	3131
1483	3133
1485	3135
1486	3138
1486	3140
1485	3143
1483	3145
1485	3147
1487	3150
1488	3152
1488	3155
1487	3158
1488	3160
1490	3163
1494	3165
1494	3168
1491	3170
1489	3172
1488	3175
1488	3177
1488	3180
1488	3182
1490	3184
1491	3187
1490	3189
1488	3192
1486	3194
1483	3196
1483	3200
1485	3202
1485	3205
1483	3207
1483	3210
1484	3212
1486	3214
1486	3217
1485	3219
1483	3222
1483	3224
1485	3226
1487	3229
1489	3231
1493	3234
1494	3236
1493	3238
1489	3241
1485	3244
1482	3247
1482	3249
1485	3251
1489	3254
1492	3256
1494	3259
1493	3261
1488	3263
1484	3266
1483	3268
1485	3271
1483	3273
1480	3275
1479	3278
1480	3280
1483	3283
1485	3286
1484	3288
1484	3291
1484	3293
1485	3296
1487	3298
1489	3300
1489	3303
1487	3305
1486	3308
1486	3310
1485	3312
1485	3315
1484	3317
1482	3320
1482	3322
1489	3325
1493	3328
1496	3330
1495	3333
1492	3335
1490	3338
1489	3340
1488	3342
1489	3345
1488	3347
1487	3350
1485	3352
1482	3354
1482	3357
1482	3359
1483	3362
1484	3364
1486	3366
1485	3369
1484	3372
1482	3375
1481	3377
1480	3379
1480	3382
1480	3384
1479	3387
1479	3389
1480	3391
1481	3394
1481	3396
1480	3399
1479	3401
1480	3403
1485	3406
1487	3408
1487	3411
1486	3414
1484	3417
1484	3419
1488	3421
1492	3424
1493	3426
1492	3429
1490	3431
1487	3433
1484	3436
1482	3438
1479	3441
1481	3443
1484	3445
1489	3448
1490	3450
1489	3453
1484	3456
1483	3458
1484	3461
1485	3463
1485	3466
1483	3468
1482	3470
1482	3473
1483	3475
1484	3478
1485	3480
1487	3482
1489	3485
1488	3487
1486	3490
1484	3492
1482	3494
1482	3497
1481	3500
1481	3503
1482	3505
1482	3508
1481	3510
1480	3512
1480	3515
1483	3517
1485	3520
1486	3522
1487	3524
1486	3527
1485	3529
1484	3532
1483	3534
1484	3536
1484	3539
1485	3542
1484	3545
1484	3547
1484	3549
1486	3552
1490	3554
1492	3557
1492	3559
1491	3561
1489	3564
1488	3566
1486	3569
1485	3571
1486	3573
1485	3576
1486	3578
1486	3581
1485	3584
1484	3586
1485	3589
1487	3591
1488	3594
1488	3596
1486	3599
1485	3601
1483	3603
1484	3606
1485	3608
1485	3611
1485	3613
1484	3615
1483	3618
1482	3620
1482	3623
1483	3625
1485	3628
1486	3631
1487	3633
1488	3636
1486	3638
1485	3640
1487	3643
1488	3645
1487	3648
1486	3650
1486	3652
1484	3655
1482	3657
1482	3660
1485	3662
1486	3664
1487	3667
1486	3670
1484	3673
1483	3675
1483	3678
1484	3680
1485	3682
1486	3685
1488	3687
1488	3690
1487	3692
1484	3694
1482	3697
1482	3699
1483	3702
1482	3704
1479	3706
1478	3709
1478	3712
1479	3715
1478	3717
1478	3719
1477	3722
1477	3724
1480	3727
1481	3729
1481	3731
1481	3734
1481	3736
1480	3739
1478	3741
1474	3743
1474	3746
1480	3748
1485	3751
1487	3753
1486	3756
1484	3759
1482	3761
1480	3764
1480	3766
1483	3769
1486	3771
1489	3773
1490	3776
1491	3778
1490	3781
1489	3783
1486	3785
1486	3788
1485	3790
1484	3793
1484	3795
1483	3798
1482	3801
1481	3803
1481	3806
1482	3808
1483	3810
1485	3813
1486	3815
1486	3818
1486	3820
1486	3822
1485	3825
1484	3827
1484	3830
1485	3832
1487	3834
1488	3837
1488	3840
1487	3843
1486	3845
1487	3848
1487	3850
1486	3852
1487	3855
1488	3857
1489	3860
1489	3862
1488	3864
1486	3867
1484	3869
1485	3872
1489	3874
1491	3876
1492	3879
1490	3881
1488	3885
1487	3887
1487	3889
1486	3892
1488	3894
1488	3897
1486	3899
1486	3901
1488	3904
1491	3906
1494	3909
1495	3911
1493	3913
1491	3916
1491	3918
1491	3921
1491	3923
1492	3926
1492	3929
1491	3931
1491	3934
1490	3936
1490	3939
1491	3941
1494	3943
1498	3946
1496	3948
1491	3951
1488	3953
1489	3955
1490	3958
1490	3960
1489	3963
1488	3965
1489	3968
1489	3971
1487	3973
1487	3976
1488	3978
1492	3980
1494	3983
1495	3985
1495	3988
1496	3990
1496	3992
1496	3995
1495	3997
1492	4000
1491	4002
1489	4005
1488	4007
1488	4009
1486	4013
1485	4015
1486	4018
1487	4020
1488	4022
1487	4025
1485	4027
1485	4030
1485	4032
1487	4034
1490	4037
1492	4039
1492	4042
1491	4044
1490	4046
1487	4049
1485	4051
1487	4055
1491	4057
1492	4059
1491	4062
1489	4064
1487	4067
1486	4069
1486	4071
1485	4074
1485	4076
1487	4079
1489	4081
1491	4083
1494	4086
1494	4088
1493	4091
1491	4093
1489	4096
1488	4099
1488	4101
1491	4104
1495	4106
1496	4109
1495	4111
1493	4113
1492	4116
1490	4118
1488	4121
1487	4123
1486	4125
1485	4128
1483	4130
1481	4133
1481	4135
1482	4137
1483	4141
1485	4143
1486	4146
1490	4148
1493	4150
1493	4153
1489	4155
1486	4158
1485	4160
1486	4162
1486	4165
1485	4167
1488	4170
1492	4172
1494	4174
1494	4177
1492	4179
1490	4183
1488	4185
1487	4187
1486	4190
1486	4192
1484	4195
1481	4197
1479	4200
1481	4202
1488	4204
1494	4207
1493	4209
1489	4212
1484	4214
1483	4216
1485	4219
1487	4221
1486	4225
1485	4227
1483	4229
1484	4232
1485	4234
1488	4237
1489	4239
1487	4241
1485	4244
1484	4246
1484	4249
1484	4251
1483	4253
1483	4256
1482	4258
1485	4261
1487	4263
1488	4265
1486	4269
1484	4271
1483	4274
1484	4276
1486	4278
1486	4281
1487	4283
1487	4286
1486	4288
1484	4291
1484	4293
1485	4295
1484	4298
1482	4300
1483	4303
1487	4305
1488	4307
1488	4311
1487	4313
1487	4316
1486	4318
1483	4320
1480	4323
1479	4325
1482	4328
1485	4330
1486	4332
1489	4335
1490	4337
1489	4340
1487	4342
1486	4344
1484	4347
1483	4349
1482	4353
1484	4355
1486	4357
1490	4360
1491	4362
1489	4365
1488	4367
1486	4370
1484	4372
1484	4374
1484	4377
1484	4379
1485	4382
1487	4384
1489	4386
1489	4389
1488	4391
1492	4395
1493	4397
1493	4399
1491	4402
1489	4404
1489	4407
1487	4409
1486	4411
1485	4414
1484	4416
1484	4419
1486	4421
1487	4423
1486	4426
1486	4428
1486	4431
1486	4433
1487	4435
1486	4439
1485	4441
1483	4444
1485	4446
1489	4449
1491	4451
1490	4453
1488	4456
1487	4458
1485	4461
1485	4463
1485	4465
1485	4468
1484	4470
1484	4473
1483	4475
1484	4477
1485	4481
1486	4483
1486	4486
1485	4488
1484	4490
1487	4493
1490	4495
1493	4498
1492	4500
1491	4502
1488	4505
1485	4507
1484	4510
1485	4512
1485	4514
1485	4517
1484	4519
1482	4523
1483	4525
1486	4528
1490	4530
1490	4532
1489	4535
1489	4537
1488	4540
1487	4542
1485	4544
1485	4547
1484	4549
1482	4552
1482	4554
1484	4556
1487	4559
1489	4561
1491	4564
1491	4567
1491	4569
1491	4572
1492	4574
1491	4577
1490	4579
1489	4581
1488	4584
1486	4586
1487	4589
1488	4591
1489	4593
1491	4596
1491	4598
1491	4601
1490	4603
1489	4606
1488	4609
1488	4611
1489	4614
1490	4616
1487	4619
1485	4621
1485	4623
1488	4626
1492	4628
1493	4631
1492	4633
1492	4635
1491	4638
1490	4640
1489	4643
1489	4645
1490	4647
1489	4651
1487	4653
1488	4656
1491	4658
1493	4660
1492	4663
1490	4665
1488	4668
1489	4670
1489	4672
1489	4675
1485	4677
1482	4680
1482	4682
1486	4685
1488	4687
1488	4689
1488	4692
1488	4695
1489	4698
1493	4700
1496	4702
1496	4705
1494	4707
1493	4710
1491	4712
1489	4714
1488	4717
1488	4719
1489	4722
1490	4724
1490	4726
1491	4729
1491	4731
1491	4734
1492	4737
1493	4739
1492	4742
1490	4744
1488	4747
1486	4749
1486	4751
1486	4754
1482	4756
1481	4759
1482	4761
1484	4764
1484	4766
1483	4768
1483	4771
1485	4773
1486	4776
1486	4779
1488	4781
1490	4784
1494	4786
1495	4789
1494	4791
1491	4793
1490	4796
1488	4798
1487	4801
1486	4803
1485	4805
1485	4808
1485	4810
1486	4813
1487	4815
1488	4817
1487	4820
1487	4823
1487	4826
1487	4828
1487	4830
1485	4833
1483	4835
1483	4838
1485	4840
1488	4843
1489	4845
1491	4847
1494	4850
1494	4852
1491	4855
1490	4857
1490	4859
1492	4862
1496	4865
1495	4868
1493	4870
1489	4872
1487	4875
1490	4877
1494	4880
1495	4882
1493	4884
1490	4887
1490	4889
1489	4892
1487	4894
1485	4896
1484	4899
1484	4901
1484	4904
1483	4907
1483	4909
1484	4912
1486	4914
1489	4917
1490	4919
1489	4921
1488	4924
1487	4926
1487	4929
1488	4931
1488	4934
1489	4936
1490	4938
1491	4941
1488	4943
1486	4946
1485	4948
1486	4951
1487	4954
1487	4956
1484	4959
1479	4961
1478	4963
1481	4966
1485	4968
1487	4971
1491	4973
1491	4975
1489	4978
1486	4980
1485	4983
1485	4985
1485	4987
1485	4990
1483	4993
1480	4996
1478	4998
1478	5000
1480	5003
1483	5005
1483	5008
1482	5010
1482	5013
1483	5015
1484	5017
1484	5020
1483	5022
1483	5025
1480	5027
1478	5029
1478	5032
1480	5035
1483	5038
1484	5040
1483	5042
1484	5045
1485	5047
1486	5050
1487	5052
1488	5054
1487	5057
1485	5059
1485	5062
1484	5064
1483	5066
1484	5069
1483	5071
1483	5074
1484	5076
1484	5079
1483	5082
1482	5084
1486	5087
1487	5089
1486	5092
1484	5094
1483	5096
1482	5099
1481	5101
1479	5104
1481	5106
1483	5108
1484	5111
1484	5113
1482	5116
1481	5118
1482	5121
1483	5124
1484	5126
1485	5129
1486	5131
1489	5133
1490	5136
1491	5138
1494	5141
1496	5143
1495	5145
1493	5148
1491	5150
1489	5153
1488	5155
1488	5157
1487	5160
1486	5163
1485	5166
1484	5168
1485	5170
1485	5173
1485	5175
1487	5178
1490	5180
1491	5183
1489	5185
1487	5187
1485	5190
1485	5192
1486	5195
1487	5197
1486	5199
1484	5202
1482	5204
1483	5208
1486	5210
1488	5212
1489	5215
1490	5217
1489	5220
1489	5222
1488	5224
1488	5227
1488	5229
1488	5232
1487	5234
1488	5236
1489	5239
1490	5241
1489	5244
1488	5246
1486	5249
1484	5252
1483	5254
1483	5257
1482	5259
1481	5261
1481	5264
1482	5266
1483	5269
1485	5271
1487	5274
1489	5276
1489	5278
1488	5281
1487	5283
1488	5286
1488	5288
1487	5291
1485	5294
1481	5296
1478	5299
1479	5301
1482	5303
1483	5306
1483	5308
1482	5311
1485	5313
1489	5315
1491	5318
1490	5320
1488	5323
1485	5325
1484	5327
1484	5330
1483	5332
1482	5336
1482	5338
1483	5340
1483	5343
1482	5345
1480	5348
1481	5350
1481	5352
1482	5355
1484	5357
1485	5360
1485	5362
1486	5364
1487	5367
1489	5369
1489	5372
1489	5374
1489	5378
1487	5380
1486	5382
1486	5385
1486	5387
1485	5390
1484	5392
1484	5394
1486	5397
1488	5399
1488	5402
1485	5404
1485	5406
1485	5409
1484	5411
1482	5414
1483	5416
1486	5419
1487	5422
1486	5424
1484	5427
1483	5429
1484	5431
1488	5434
1494	5436
1494	5439
1492	5441
1487	5444
1486	5446
1487	5448
1486	5451
1485	5453
1480	5456
1478	5458
1478	5460
1483	5464
1485	5466
1485	5469
1483	5471
1482	5473
1483	5476
1485	5478
1487	5481
1488	5483
1488	5485
1489	5488
1491	5490
1492	5493
1491	5495
1485	5497
1480	5500
1479	5502
1481	5506
1483	5508
1482	5510
1482	5513
1482	5515
1485	5518
1485	5520
1483	5522
1483	5525
1483	5527
1485	5530
1486	5532
1487	5534
1488	5537
1486	5539
1484	5542
1487	5544
1489	5548
1490	5550
1489	5552
1489	5555
1491	5557
1494	5560
1498	5562
1498	5564
1496	5567
1492	5569
1490	5572
1488	5574
1487	5576
1486	5579
1487	5581
1488	5584
1489	5586
1488	5588
1487	5592
1487	5594
1486	5597
1488	5599
1489	5601
1488	5604
1487	5606
1489	5609
1490	5611
1489	5613
1486	5616
1483	5618
1484	5621
1486	5623
1485	5626
1485	5628
1486	5630
1488	5634
1489	5636
1491	5639
1493	5641
1492	5643
1492	5646
1490	5648
1490	5651
1489	5653
1488	5655
1487	5658
1486	5660
1486	5663
1485	5665
1485	5667
1485	5670
1484	5672
1483	5676
1483	5678
1486	5680
1489	5683
1490	5685
1490	5688
1488	5690
1486	5692
1486	5695
1488	5697
1488	5700
1488	5702
1488	5705
1490	5707
1493	5709
1491	5712
1489	5714
1485	5718
1482	5720
1481	5722
1482	5725
1482	5727
1480	5730
1481	5732
1483	5734
1483	5737
1484	5739
1486	5742
1486	5744
1484	5746
1482	5749
1481	5751
1481	5754
1482	5756
1483	5758
1485	5762
1487	5764
1489	5767
1490	5769
1489	5772
1487	5774
1486	5776
1485	5779
1489	5781
1493	5784
1496	5786
1495	5788
1489	5791
1482	5793
1478	5796
1478	5798
1480	5800
1479	5804
1479	5806
1481	5809
1484	5811
1485	5813
1483	5816
1482	5818
1481	5821
1481	5823
1482	5825
1483	5828
1484	5830
1483	5833
1483	5835
1486	5837
1489	5840
1490	5842
1489	5846
1488	5848
1486	5851
1485	5853
1484	5855
1484	5858
1483	5860
1482	5863
1483	5865
1485	5867
1489	5870
1494	5872
1494	5875
1489	5877
1487	5879
1487	5882
1487	5884
1487	5888
1487	5890
1486	5892
1482	5895
1479	5897
1480	5900
1482	5902
1484	5904
1486	5907
1487	5909
1487	5912
1487	5914
1487	5916
1487	5919
1485	5921
1483	5924
1483	5926
1484	5929
1484	5932
1484	5934
1484	5937
1485	5939
1485	5942
1484	5944
1483	5946
1482	5949
1487	5951
1491	5954
1495	5956
1496	5958
1495	5961
1494	5963
1491	5966
1487	5968
1485	5970
1485	5974
1488	5976
1491	5979
1493	5981
1491	5983
1489	5986
1489	5988
1491	5991
1491	5993
1491	5995
1491	5998
1490	6000
1489	6003
1490	6005
1491	6008
1492	6010
1492	6012
1489	6016
1486	6018
1486	6021
1489	6023
1489	6025
1490	6028
1489	6030
1491	6033
1490	6035
1487	6037
1485	6040
1483	6042
1485	6045
1488	6047
1491	6049
1493	6052
1494	6054
1493	6057
1491	6060
1491	6062
1492	6065
1491	6067
1489	6070
1488	6072
1488	6074
1492	6077
1494	6079
1494	6082
1493	6084
1492	6087
1489	6089
1486	6091
1484	6094
1484	6096
1484	6099
1484	6102
1485	6104
1486	6107
1486	6109
1488	6112
1487	6114
1488	6116
1491	6119
1489	6121
1486	6124
1485	6126
1485	6128
1487	6131
1488	6133
1488	6136
1488	6138
1486	6140
1484	6144
1483	6146
1484	6149
1486	6151
1486	6153
1484	6156
1484	6158
1485	6161
1485	6163
1486	6166
1486	6168
1485	6170
1484	6173
1485	6175
1485	6178
1487	6180
1488	6182
1486	6185
1484	6188
1482	6191
1483	6193
1484	6195
1484	6198
1485	6200
1488	6203
1490	6205
1490	6207
1488	6210
1489	6212
1492	6215
1493	6217
1492	6219
1490	6222
1488	6224
1487	6227
1485	6230
1484	6233
1485	6235
1488	6237
1488	6240
1486	6242
1484	6245
1483	6247
1482	6249
1482	6252
1481	6254
1480	6257
1480	6259
1481	6261
1481	6264
1481	6266
1481	6269
1481	6272
1482	6274
1483	6277
1484	6279
1485	6282
1487	6284
1488	6286
1487	6289
1485	6291
1485	6294
1486	6296
1489	6298
1491	6301
1490	6303
1486	6306
1483	6308
1482	6311
1481	6313
1481	6316
1481	6319
1482	6321
1482	6324
1482	6326
1485	6328
1488	6331
1488	6333
1486	6336
1484	6338
1483	6340
1483	6343
1481	6345
1481	6348
1482	6350
1483	6352
1485	6355
1486	6358
1486	6361
1486	6363
1484	6366
1482	6368
1481	6370
1482	6373
1484	6375
1486	6378
1491	6380
1494	6382
1491	6385
1486	6387
1482	6390
1483	6392
1485	6394
1484	6397
1483	6400
1483	6403
1484	6405
1484	6407
1485	6410
1485	6412
1483	6415
1483	6417
1483	6419
1487	6422
1488	6424
1486	6427
1485	6429
1486	6431
1489	6434
1490	6436
1494	6439
1494	6441
1493	6445
1489	6447
1486	6449
1486	6452
1485	6454
1485	6457
1483	6459
1481	6461
1480	6464
1480	6466
1483	6469
1485	6471
1484	6473
1483	6476
1481	6478
1479	6481
1477	6483
1478	6486
1481	6489
1483	6491
1485	6494
1484	6496
1483	6498
1486	6501
1488	6503
1489	6506
1490	6508
1491	6510
1492	6513
1493	6515
1492	6518
1490	6520
1489	6522
1490	6525
1490	6528
1491	6531
1491	6533
1492	6535
1492	6538
1491	6540
1488	6543
1486	6545
1485	6547
1485	6550
1485	6552
1485	6555
1487	6557
1489	6560
1490	6562
1489	6564
1488	6567
1486	6569
1485	6573
1483	6575
1483	6577
1483	6580
1485	6582
1488	6585
1490	6587
1491	6589
1492	6592
1491	6594
1489	6597
1486	6599
1481	6601
1477	6604
1476	6606
1481	6609
1484	6611
1485	6614
1486	6617
1490	6619
1490	6622
1490	6624
1489	6626
1490	6629
1492	6631
1491	6634
1489	6636
1487	6639
1486	6641
1486	6643
1486	6646
1486	6648
1486	6651
1487	6653
1487	6656
1487	6659
1487	6661
1488	6664
1488	6666
1486	6668
1485	6671
1484	6673
1483	6676
1483	6678
1484	6680
1483	6683
1485	6685
1486	6688
1487	6690
1486	6692
1485	6695
1487	6697
1488	6701
1487	6703
1485	6705
1485	6708
1487	6710
1488	6713
1488	6715
1488	6718
1489	6720
1491	6722
1491	6725
1491	6727
1490	6730
1490	6732
1492	6734
1493	6737
1491	6739
1489	6743
1489	6745
1489	6747
1488	6750
1486	6752
1484	6755
1486	6757
1487	6759
1487	6762
1486	6764
1483	6767
1482	6769
1484	6771
1486	6774
1487	6776
1486	6779
1488	6781
1491	6784
1492	6787
1492	6789
1491	6792
1490	6794
1488	6797
1487	6799
1486	6801
1488	6804
1488	6806
1485	6809
1481	6811
1478	6813
1481	6816
1485	6818
1486	6821
1486	6823
1487	6825
1488	6829
1489	6831
1490	6834
1489	6836
1487	6838
1485	6841
1483	6843
1483	6846
1482	6848
1481	6850
1483	6853
1487	6855
1488	6858
1486	6860
1485	6862
1483	6865
1485	6867
1488	6871
1490	6873
1489	6875
1488	6878
1489	6880
1491	6883
1493	6885
1492	6888
1491	6890
1489	6892
1487	6895
1486	6897
1485	6900
1485	6902
1487	6904
1486	6907
1484	6909
1483	6913
1483	6915
1484	6917
1485	6920
1485	6922
1483	6925
1481	6927
1482	6929
1484	6932
1487	6934
1488	6937
1487	6939
1485	6941
1483	6944
1484	6946
1486	6949
1487	6951
1488	6953
1488	6957
1484	6959
1484	6962
1486	6964
1488	6967
1489	6969
1489	6971
1488	6974
1488	6976
1488	6979
1488	6981
1487	6983
1487	6986
1487	6988
1486	6991
1485	6993
1484	6995
1484	6999
1485	7001
1485	7004
1487	7006
1489	7008
1488	7011
1484	7013
1483	7016
1483	7018
1484	7020
1484	7023
1484	7025
1485	7028
1487	7030
1488	7032
1488	7035
1488	7037
1487	7041
1488	7043
1485	7046
1483	7048
1482	7050
1483	7053
1484	7055
1484	7058
1484	7060
1485	7062
1485	7065
1484	7067
1483	7070
1484	7072
1485	7074
1486	7077
1489	7079
1490	7083
1490	7085
1489	7087
1487	7090
1488	7092
1488	7095
1489	7097
1489	7099
1489	7102
1488	7104
1486	7107
1486	7109
1485	7111
1487	7114
1487	7116
1487	7119
1486	7121
1486	7124
1488	7127
1490	7129
1491	7132
1488	7134
1485	7137
1482	7139
1481	7141
1483	7144
1484	7146
1485	7149
1486	7151
1486	7153
1487	7156
1489	7158
1491	7161
1491	7163
1491	7165
1491	7169
1490	7171
1490	7174
1490	7176
1490	7178
1491	7181
1491	7183
1492	7186
1493	7188
1493	7191
1492	7193
1491	7195
1490	7198
1489	7200
1488	7203
1489	7205
1490	7207
1489	7211
1487	7213
1487	7216
1488	7218
1489	7220
1489	7223
1487	7225
1486	7228
1485	7230
1484	7232
1483	7235
1481	7237
1480	7240
1481	7242
1485	7244
1487	7247
1487	7249
1486	7252
1485	7255
1483	7257
1482	7260
1482	7262
1484	7265
1486	7267
1488	7270
1487	7272
1488	7274
1489	7277
1490	7279
1490	7282
1490	7284
1489	7286
1487	7289
1486	7291
1486	7294
1485	7297
1483	7299
1485	7302
1488	7304
1489	7307
1489	7309
1489	7311
1489	7314
1490	7316
1489	7319
1487	7321
1484	7323
1481	7326
1478	7328
1477	7331
1482	7333
1487	7336
1490	7339
1489	7341
1487	7344
1483	7346
1483	7349
1482	7351
1484	7353
1481	7356
1478	7358
1480	7361
1486	7363
1490	7365
1492	7368
1490	7370
1489	7373
1488	7375
1489	7377
1490	7380
1491	7383
1489	7386
1487	7388
1485	7390
1485	7393
1485	7395
1484	7398
1481	7400
1479	7403
1478	7405
1478	7407
1480	7410
1482	7412
1483	7415
1482	7417
1481	7419
1481	7422
1481	7425
1485	7428
1487	7430
1489	7432
1489	7435
1488	7437
1486	7440
1484	7442
1484	7444
1485	7447
1485	7449
1485	7452
1485	7454
1483	7456
1482	7459
1483	7461
1487	7464
1491	7467
1492	7469
1491	7472
1491	7474
1488	7477
1484	7479
1483	7482
1483	7484
1484	7486
1484	7489
1483	7491
1483	7494
1484	7496
1485	7498
1488	7501
1489	7503
1488	7506
1485	7508
1482	7511
1484	7514
1486	7516
1489	7519
1492	7521
1493	7523
1492	7526
1491	7528
1489	7531
1488	7533
1487	7535
1488	7538
1488	7540
1488	7543
1488	7545
1489	7548
1490	7550
1490	7553
1489	7556
1489	7558
1490	7561
1493	7563
1491	7565
1489	7568
1489	7570
1489	7573
1489	7575
1488	7577
1487	7580
1487	7582
1488	7585
1488	7587
1487	7589
1486	7592
1485	7595
1486	7598
1488	7600
1491	7602
1492	7605
1490	7607
1489	7610
1488	7612
1488	7615
1487	7617
1488	7619
1489	7622
1487	7624
1487	7627
1487	7629
1485	7631
1483	7634
1483	7636
1484	7640
1486	7642
1486	7644
1486	7647
1486	7649
1485	7652
1483	7654
1483	7656
1485	7659
1486	7661
1486	7664
1483	7666
1481	7668
1480	7671
1480	7673
1483	7676
1486	7678
1486	7682
1485	7684
1484	7686
1484	7689
1486	7691
1488	7694
1488	7696
1489	7698
1487	7701
1482	7703
1479	7706
1480	7708
1484	7710
1488	7713
1489	7715
1488	7718
1486	7720
1485	7723
1486	7726
1488	7728
1488	7731
1487	7733
1488	7735
1488	7738
1488	7740
1487	7743
1486	7745
1488	7747
1489	7750
1489	7752
1490	7755
1492	7757
1491	7760
1488	7762
1485	7764
1482	7768
1482	7770
1485	7773
1488	7775
1489	7777
1487	7780
1483	7782
1480	7785
1481	7787
1482	7789
1484	7792
1485	7794
1486	7797
1485	7799
1485	7801
1484	7804
1485	7806
1486	7810
1487	7812
1488	7814
1488	7817
1487	7819
1490	7822
1494	7824
1496	7826
1495	7829
1493	7831
1490	7834
1487	7836
1484	7839
1484	7841
1485	7843
1485	7846
1485	7848
1483	7852
1481	7854
1479	7856
1480	7859
1480	7861
1479	7864
1479	7866
1480	7868
1483	7871
1485	7873
1486	7876
1486	7878
1486	7880
1488	7883
1490	7885
1491	7888
1490	7890
1489	7892
1487	7896
1489	7898
1492	7901
1495	7903
1495	7905
1492	7908
1489	7910
1487	7913
1486	7915
1486	7918
1488	7920
1491	7922
1491	7925
1491	7927
1489	7930
1488	7932
1488	7934
1488	7938
1487	7940
1485	7943
1485	7945
1486	7947
1487	7950
1488	7952
1484	7955
1481	7957
1480	7959
1481	7962
1482	7964
1486	7967
1491	7969
1492	7971
1490	7974
1487	7976
1486	7980
1485	7982
1485	7985
1486	7987
1487	7989
1486	7992
1484	7994
1484	7997
1485	7999
1486	8001
1485	8004
1485	8006
1488	8009
1491	8011
1490	8013
1489	8016
1488	8018
1488	8022
1489	8024
1489	8026
1488	8029
1488	8031
1488	8034
1491	8036
1493	8038
1492	8041
1493	8043
1491	8046
1491	8048
1490	8050
1489	8053
1488	8055
1484	8058
1482	8060
1483	8062
1485	8066
1487	8068
1486	8071
1486	8073
1486	8076
1486	8078
1487	8080
1486	8083
1485	8085
1484	8088
1485	8090
1485	8092
1486	8095
1486	8097
1486	8100
1486	8102
1486	8104
1485	8108
1485	8110
1485	8113
1486	8115
1486	8117
1485	8120
1484	8122
1485	8125
1486	8127
1485	8129
1488	8132
1491	8134
1496	8137
1496	8139
1492	8141
1489	8144
1488	8146
1489	8150
1490	8152
1492	8155
1493	8157
1492	8159
1490	8162
1489	8164
1488	8167
1487	8169
1484	8171
1482	8174
1482	8176
1483	8179
1482	8181
1482	8183
1483	8186
1484	8188
1484	8192
1483	8194
1484	8196
1484	8199
1484	8201
1484	8204
1484	8206
1485	8208
1485	8211
1485	8213
1485	8216
1486	8218
1487	8220
1488	8223
1488	8225
1486	8228
1484	8230
1481	8232
1480	8236
1482	8238
1488	8241
1488	8243
1487	8246
1488	8248
1489	8250
1492	8253
1492	8255
1492	8258
1492	8260
1491	8262
1491	8265
1492	8267
1493	8270
1492	8272
1486	8274
1483	8278
1481	8280
1484	8283
1485	8285
1486	8287
1486	8290
1485	8292
1484	8295
1482	8297
1480	8299
1481	8302
1482	8304
1482	8307
1483	8309
1484	8311
1484	8314
1485	8316
1484	8320
1484	8322
1485	8325
1488	8327
1486	8329
1484	8332
1485	8334
1489	8337
1492	8339
1492	8341
1489	8344
1486	8346
1484	8349
1485	8351
1486	8353
1487	8356
1486	8358
1485	8361
1484	8364
1483	8366
1484	8369
1484	8371
1482	8374
1481	8376
1482	8378
1486	8381
1486	8383
1488	8386
1487	8388
1487	8390
1490	8393
1492	8395
1490	8398
1489	8400
1490	8402
1491	8406
1491	8408
1489	8411
1487	8413
1486	8416
1489	8418
1494	8420
1494	8423
1494	8425
1491	8428
1488	8430
1487	8432
1487	8435
1487	8437
1488	8440
1488	8442
1490	8444
1492	8448
1490	8450
1486	8453
1484	8455
1484	8457
1485	8460
1486	8462
1488	8465
1489	8467
1486	8469
1482	8472
1482	8474
1485	8477
1489	8479
1489	8481
1488	8484
1488	8486
1487	8489
1486	8492
1487	8494
1488	8497
1490	8499
1491	8502
1490	8504
1489	8507
1488	8509
1488	8511
1489	8514
1489	8516
1487	8519
1485	8521
1485	8523
1484	8526
1483	8528
1483	8531
1486	8534
1489	8536
1490	8539
1490	8541
1489	8544
1487	8546
1485	8548
1484	8551
1482	8553
1482	8556
1484	8558
1486	8560
1486	8563
1486	8565
1483	8568
1482	8570
1482	8573
1484	8576
1485	8578
1486	8581
1488	8583
1488	8586
1487	8588
1486	8590
1485	8593
1486	8595
1489	8598
1492	8600
1492	8602
1491	8605
1488	8607
1487	8610
1486	8612
1487	8614
1487	8617
1486	8620
1484	8623
1483	8625
1485	8627
1491	8630
1500	8632
1504	8635
1503	8637
1498	8639
1494	8642
1490	8644
1488	8647
1489	8649
1489	8652
1489	8654
1489	8656
1487	8659
1485	8662
1486	8665
1487	8667
1488	8669
1488	8672
1487	8674
1485	8677
1483	8679
1482	8681
1483	8684
1487	8686
1490	8689
1491	8691
1489	8693
1488	8696
1488	8698
1489	8701
1490	8704
1490	8706
1490	8709
1490	8711
1490	8714
1489	8716
1488	8718
1485	8721
1483	8723
1485	8726
1489	8728
1492	8731
1492	8733
1492	8735
1492	8738
1490	8740
1489	8743
1489	8745
1488	8748
1487	8751
1486	8753
1485	8756
1484	8758
1483	8760
1482	8763
1482	8765
1481	8768
1481	8770
1480	8772
1481	8775
1484	8777
1487	8780
1489	8782
1489	8784
1487	8787
1484	8790
1483	8793
1485	8795
1486	8797
1486	8800
1484	8802
1483	8805
1485	8807
1486	8810
1488	8812
1490	8814
1489	8817
1487	8819
1485	8822
1484	8824
1485	8826
1486	8829
1488	8832
1489	8835
1490	8837
1489	8839
1490	8842
1489	8844
1488	8847
1487	8849
1489	8851
1489	8854
1488	8856
1484	8859
1481	8861
1480	8863
1480	8866
1481	8868
1482	8871
1483	8873
1482	8876
1482	8879
1483	8881
1482	8884
1481	8886
1480	8889
1482	8891
1485	8893
1486	8896
1485	8898
1486	8901
1486	8903
1487	8905
1486	8908
1485	8910
1484	8913
1484	8915
1485	8918
1488	8921
1488	8923
1486	8926
1486	8928
1489	8930
1491	8933
1489	8935
1487	8938
1486	8940
1484	8942
1484	8945
1484	8947
1485	8950
1488	8952
1489	8955
1490	8957
1490	8960
1491	8963
1490	8965
1488	8968
1486	8970
1486	8972
1486	8975
1487	8977
1487	8980
1486	8982
1485	8984
1484	8987
1483	8989
1483	8992
1481	8994
1479	8996
1481	8999
1485	9001
1488	9005
1488	9007
1487	9009
1485	9012
1482	9014
1480	9017
1484	9019
1490	9021
1494	9024
1496	9026
1495	9029
1493	9031
1490	9034
1488	9036
1487	9038
1487	9041
1486	9043
1486	9047
1486	9049
1485	9051
1484	9054
1480	9056
1480	9059
1482	9061
1483	9063
1485	9066
1488	9068
1490	9071
1489	9073
1486	9075
1484	9078
1483	9080
1484	9083
1484	9085
1483	9088
1484	9091
1482	9093
1480	9096
1479	9098
1480	9100
1483	9103
1485	9105
1487	9108
1487	9110
1488	9113
1486	9115
1484	9117
1486	9120
1491	9122
1492	9125
1490	9127
1488	9129
1488	9133
1490	9135
1491	9138
1492	9140
1490	9142
1488	9145
1487	9147
1485	9150
1485	9152
1487	9154
1488	9157
1488	9159
1487	9162
1486	9164
1485	9167
1485	9169
1485	9171
1482	9175
1481	9177
1482	9180
1482	9182
1482	9184
1482	9187
1482	9189
1482	9192
1484	9194
1486	9196
1486	9199
1486	9201
1488	9204
1488	9206
1487	9208
1489	9211
1490	9213
1490	9217
1489	9219
1490	9221
1493	9224
1494	9226
1493	9229
1491	9231
1489	9234
1488	9236
1489	9238
1489	9241
1488	9243
1486	9246
1483	9248
1484	9250
1484	9253
1485	9255
1486	9259
1485	9261
1485	9263
1486	9266
1486	9268
1486	9271
1486	9273
1488	9275
1489	9278
1490	9280
1490	9283
1488	9285
1485	9287
1482	9290
1484	9292
1488	9295
1490	9297
1489	9299
1488	9303
1488	9305
1487	9308
1483	9310
1481	9313
1480	9315
1483	9317
1484	9320
1486	9322
1484	9325
1484	9327
1484	9329
1487	9332
1489	9334
1490	9337
1489	9339
1488	9341
1487	9345
1488	9347
1490	9350
1490	9352
1490	9354
1488	9357
1487	9359
1486	9362
1486	9364
1487	9366
1487	9369
1486	9371
1487	9374
1489	9376
1490	9379
1489	9381
1486	9383
1487	9387
1487	9389
1488	9392
1491	9394
1491	9396
1490	9399
1489	9401
1488	9404
1488	9406
1487	9408
1486	9411
1487	9413
1490	9416
1491	9418
1491	9420
1491	9423
1490	9425
1490	9428
1490	9431
1491	9433
1491	9436
1492	9438
1491	9441
1491	9443
1489	9446
1487	9448
1483	9450
1483	9453
1485	9455
1488	9458
1488	9460
1488	9462
1488	9465
1488	9467
1487	9470
1488	9473
1488	9475
1488	9478
1489	9480
1488	9483
1488	9485
1485	9487
1483	9490
1483	9492
1483	9495
1485	9497
1486	9499
1485	9502
1483	9504
1482	9507
1481	9509
1481	9512
1482	9515
1482	9517
1484	9520
1484	9522
1484	9525
1484	9527
1485	9529
1483	9532
1482	9534
1483	9537
1485	9539
1486	9541
1486	9544
1486	9546
1486	9549
1487	9551
1487	9553
1486	9556
1486	9559
1486	9562
1485	9564
1484	9566
1483	9569
1483	9571
1484	9574
1485	9576
1485	9579
1486	9581
1488	9583
1490	9586
1492	9588
1493	9591
1491	9593
1488	9595
1486	9598
1485	9601
1485	9604
1485	9606
1483	9608
1479	9611
1479	9613
1482	9616
1487	9618
1489	9620
1488	9623
1487	9625
1485	9628
1485	9630
1486	9632
1486	9635
1485	9637
1485	9640
1485	9643
1486	9645
1488	9648
1488	9650
1488	9653
1488	9655
1488	9657
1487	9660
1487	9662
1487	9665
1487	9667
1488	9670
1489	9672
1489	9674
1487	9677
1486	9679
1487	9682
1492	9684
1498	9687
1498	9690
1496	9692
1494	9695
1493	9697
1492	9699
1490	9702
1488	9704
1487	9707
1487	9709
1485	9711
1484	9714
1483	9716
1485	9719
1489	9721
1490	9723
1490	9726
1489	9729
1487	9732
1487	9734
1487	9737
1487	9739
1487	9741
1487	9744
1488	9746
1487	9749
1486	9751
1485	9753
1484	9756
1483	9758
1482	9761
1483	9763
1486	9765
1486	9768
1487	9771
1485	9774
1482	9776
1483	9778
1486	9781
1488	9783
1490	9786
1492	9788
1492	9790
1491	9793
1488	9795
1486	9798
1484	9800
1483	9802
1482	9805
1482	9807
1481	9810
1482	9812
1484	9816
1486	9818
1486	9820
1485	9823
1484	9825
1485	9828
1487	9830
1488	9832
1487	9835
1486	9837
1486	9840
1487	9842
1488	9844
1489	9847
1491	9849
1492	9852
1492	9854
1490	9857
1491	9860
1492	9862
1489	9865
1486	9867
1484	9869
1484	9872
1486	9874
1487	9877
1487	9879
1487	9882
1488	9884
1488	9886
1489	9889
1488	9891
1488	9894
1489	9896
1490	9899
1492	9902
1492	9904
1491	9907
1488	9909
1486	9911
1486	9914
1486	9916
1484	9919
1482	9921
1480	9923
1482	9926
1485	9928
1488	9931
1486	9933
1481	9935
1479	9938
1480	9940
1482	9944
1484	9946
1484	9949
1481	9951
1479	9953
1478	9956
1480	9958
1483	9961
1485	9963
1484	9965
1486	9968
1490	9970
1495	9973
1495	9975
1491	9977
1486	9980
1485	9982
1485	9986
1486	9988
1486	9990
1487	9993
1488	9995
1488	9998
1488	10000
1487	10003
1487	10005
1486	10007
1486	10010
1484	10012
1483	10015
1481	10017
1481	10020
1484	10022
1486	10025
1486	10028
1485	10031
1484	10033
1482	10035
1482	10038
1483	10040
1485	10043
1486	10045
1483	10048
1481	10050
1484	10053
1489	10055
1490	10058
1490	10060
1487	10062
1486	10065
1485	10067
1484	10071
1485	10073
1487	10076
1490	10078
1493	10081
1493	10083
1491	10086
1488	10088
1487	10091
1486	10093
1486	10095
1487	10098
1484	10100
1482	10103
1480	10105
1479	10108
1482	10110
1485	10114
1485	10116
1485	10119
1486	10121
1486	10123
1486	10126
1487	10128
1488	10131
1490	10133
1489	10136
1488	10138
1486	10141
1485	10143
1484	10146
1484	10148
1487	10150
1488	10153
1488	10156
1487	10159
1486	10161
1486	10164
1485	10166
1484	10169
1485	10171
1490	10174
1494	10176
1494	10178
1491	10181
1489	10183
1487	10186
1487	10188
1488	10191
1488	10193
1487	10196
1487	10199
1487	10202
1491	10204
1494	10207
1494	10209
1490	10211
1485	10214
1484	10216
1486	10219
1486	10221
1486	10224
1486	10226
1486	10229
1485	10231
1483	10234
1483	10236
1484	10238
1485	10242
1485	10244
1485	10247
1485	10249
1487	10252
1490	10254
1490	10257
1489	10259
1489	10262
1488	10264
1489	10266
1489	10269
1488	10271
1489	10274
1489	10276
1490	10279
1491	10281
1489	10285
1487	10287
1487	10290
1488	10292
1488	10295
1486	10297
1484	10299
1485	10302
1486	10304
1486	10307
1486	10309
1486	10312
1485	10314
1485	10317
1485	10319
1485	10322
1483	10324
1482	10327
1485	10330
1487	10332
1488	10335
1488	10337
1487	10340
1487	10342
1487	10345
1485	10347
1482	10350
1480	10352
1482	10354
1485	10357
1489	10359
1491	10362
1492	10364
1491	10368
1490	10370
1491	10373
1490	10375
1489	10378
1488	10380
1489	10382
1490	10385
1490	10387
1489	10390
1488	10392
1489	10395
1491	10397
1493	10400
1492	10402
1489	10405
1485	10407
1480	10411
1478	10413
1478	10415
1481	10418
1483	10420
1483	10423
1484	10425
1484	10428
1483	10430
1482	10433
1482	10435
1482	10438
1481	10440
1479	10442
1479	10445
1482	10447
1484	10450
1485	10452
1485	10456
1485	10458
1485	10461
1484	10463
1483	10466
1486	10468
1489	10470
1490	10473
1487	10475
1487	10478
1490	10480
1490	10483
1489	10485
1488	10488
1487	10490
1486	10493
1486	10496
1485	10499
1483	10501
1481	10503
1479	10506
1479	10508
1481	10511
1483	10513
1484	10516
1484	10518
1482	10521
1481	10523
1480	10526
1480	10528
1480	10530
1479	10533
1482	10535
1484	10539
1487	10541
1489	10544
1488	10546
1487	10549
1485	10551
1485	10554
1484	10556
1483	10558
1483	10561
1483	10563
1483	10566
1483	10568
1484	10571
1485	10573
1484	10576
1482	10578
1481	10582
1480	10584
1480	10586
1480	10589
1480	10591
1480	10594
1480	10596
1479	10599
1481	10601
1484	10604
1484	10606
1481	10609
1482	10611
1484	10614
1485	10616
1485	10618
1486	10621
1485	10624
1485	10627
1485	10629
1484	10632
1482	10634
1482	10637
1482	10639
1484	10642
1483	10644
1484	10646
1484	10649
1483	10651
1482	10654
1479	10656
1477	10659
1477	10661
1478	10664
1481	10667
1482	10670
1482	10672
1481	10674
1480	10677
1482	10679
1486	10682
1489	10684
1489	10687
1486	10689
1486	10692
1489	10694
1490	10697
1489	10699
1492	10701
1494	10704
1494	10706
1490	10710
1487	10712
1485	10715
1485	10717
1485	10720
1484	10722
1484	10725
1483	10727
1483	10730
1482	10732
1480	10734
1479	10737
1479	10739
1482	10742
1484	10744
1485	10747
1486	10749
1489	10753
1489	10755
1489	10758
1489	10760
1488	10762
1486	10765
1484	10767
1486	10770
1488	10772
1491	10775
1494	10777
1492	10780
1489	10782
1487	10785
1485	10787
1484	10789
1486	10792
1489	10795
1490	10798
1489	10800
1488	10803
1488	10805
1488	10808
1488	10810
1485	10813
1484	10815
1486	10818
1488	10820
1488	10822
1487	10825
1484	10827
1484	10830
1485	10832
1485	10835
1485	10838
1486	10841
1485	10843
1485	10846
1485	10848
1484	10850
1485	10853
1485	10855
1485	10858
1486	10860
1489	10863
1490	10865
1490	10868
1486	10870
1484	10873
1485	10875
1487	10877
1489	10881
1487	10883
1485	10886
1484	10888
1487	10891
1489	10893
1491	10896
1492	10898
1491	10901
1488	10903
1487	10905
1487	10908
1486	10910
1484	10913
1482	10915
1484	10918
1489	10920
1493	10924
1495	10926
1494	10929
1493	10931
1489	10934
1487	10936
1487	10938
1488	10941
1486	10943
1484	10946
1485	10948
1488	10951
1490	10953
1490	10956
1489	10958