1480	2
1480	5
1483	7
1487	9
1497	11
1502	14
1503	16
1494	18
1487	21
1483	23
1482	25
1482	27
1482	30
1482	32
1485	34
1486	37
1485	39
1488	41
1492	45
1499	47
1502	49
1501	51
1493	54
1488	56
1486	58
1486	61
1485	63
1485	65
1484	68
1483	70
1486	72
1489	75
1488	77
1483	79
1480	81
1480	84
1482	87
1482	89
1480	92
1479	94
1485	96
1489	99
1494	101
1491	103
1488	106
1485	108
1484	110
1486	113
1491	115
1494	117
1493	120
1490	122
1487	124
1485	128
1485	130
1485	132
1484	135
1483	137
1483	140
1483	142
1482	144
1482	147
1482	149
1484	151
1485	154
1483	156
1481	158
1482	161
1492	163
1501	165
1502	168
1498	171
1491	173
1484	176
1481	178
1481	181
1483	183
1483	185
1481	188
1479	190
1480	192
1482	195
1482	197
1482	199
1483	202
1489	204
1492	206
1492	209
1490	211
1489	215
1485	217
1483	219
1486	222
1491	224
1495	226
1498	229
1498	231
1497	233
1494	236
1490	238
1486	240
1482	243
1481	245
1481	247
1481	250
1481	252
1481	256
1482	258
1483	260
1485	263
1486	265
1488	267
1489	270
1489	272
1489	274
1490	277
1492	279
1494	281
1497	284
1495	286
1492	288
1491	291
1492	293
1492	296
1491	299
1488	301
1485	304
1488	306
1490	308
1491	311
1489	313
1488	315
1488	318
1491	320
1488	322
1485	325
1484	327
1488	329
1493	332
1495	334
1495	337
1494	339
1487	342
1482	345
1482	347
1484	349
1488	352
1491	354
1490	356
1487	359
1485	361
1484	363
1484	366
1483	368
1481	370
1482	373
1484	375
1487	378
1487	380
1485	382
1486	386
1489	388
1497	390
1501	393
1500	395
1494	397
1486	400
1482	402
1482	404
1488	407
1497	409
1499	412
1496	414
1487	416
1480	419
1482	421
1484	423
1485	427
1484	429
1481	431
1481	434
1484	436
1488	438
1490	441
1495	443
1496	445
1494	448
1490	450
1486	453
1484	455
1484	457
1482	460
1481	462
1483	464
1484	467
1486	470
1487	472
1488	475
1489	477
1489	479
1490	482
1491	484
1491	486
1488	489
1490	491
1498	494
1503	496
1501	498
1496	501
1489	503
1484	505
1483	508
1484	510
1486	513
1486	516
1487	518
1490	520
1493	523
1494	525
1493	528
1491	530
1485	532
1480	535
1478	537
1477	539
1477	542
1479	544
1482	546
1483	549
1487	551
1498	553
1505	557
1503	559
1496	561
1489	564
1487	566
1486	569
1486	571
1488	573
1490	576
1490	578
1488	580
1486	583
1485	585
1484	587
1484	590
1484	592
1484	594
1484	598
1485	600
1486	602
1485	605
1479	607
1482	610
1488	612
1496	614
1496	617
1495	619
1495	621
1493	624
1492	626
1493	628
1492	631
1491	633
1488	635
1483	638
1479	641
1478	644
1479	646
1480	648
1480	651
1479	653
1479	655
1481	658
1485	660
1488	662
1489	665
1490	667
1489	669
1486	672
1488	674
1490	676
1493	679
1496	681
1491	685
1481	687
1479	689
1480	692
1485	694
1486	696
1487	699
1489	701
1491	703
1488	706
1483	708
1482	710
1482	713
1485	715
1486	717
1486	720
1488	722
1489	726
1488	728
1488	730
1490	733
1495	735
1499	737
1493	740
1486	742
1479	744
1478	747
1481	749
1482	751
1481	754
1479	756
1477	759
1476	761
1476	763
1478	766
1481	769
1481	771
1480	774
1482	776
1489	778
1495	781
1500	783
1501	785
1498	788
1495	790
1491	792
1492	795
1494	797
1493	800
1489	802
1486	804
1482	807
1481	809
1478	812
1476	815
1474	817
1471	819
1470	822
1476	824
1481	826
1484	829
1484	831
1482	833
1480	836
1480	838
1479	841
1478	843
1478	845
1481	848
1482	850
1480	852
1480	856
1481	858
1482	860
1483	863
1488	865
1491	867
1491	870
1487	872
1488	875
1489	877
1490	879
1490	882
1487	884
1486	886
1483	889
1483	891
1483	893
1484	897
1485	899
1487	901
1488	904
1486	906
1486	908
1487	911
1487	913
1487	916
1485	918
1482	920
1481	923
1480	925
1479	927
1479	930
1483	932
1487	934
1490	937
1490	940
1488	942
1487	945
1486	947
1486	949
1485	952
1484	954
1483	957
1485	959
1494	961
1501	964
1503	966
1499	968
1492	971
1487	973
1486	975
1484	978
1484	980
1483	983
1483	986
1486	988
1489	991
1491	993
1489	995
1488	998
1490	1000
1489	1002
1486	1005
1485	1007
1489	1010
1491	1012
1493	1014
1489	1017
1484	1019
1486	1022
1488	1025
1489	1027
1488	1030
1483	1032
1482	1035
1482	1037
1483	1039
1484	1042
1483	1044
1483	1047
1488	1049
1490	1051
1494	1054
1495	1056
1495	1059
1494	1061
1491	1063
1490	1067
1488	1069
1489	1072
1490	1074
1489	1076
1488	1079
1488	1081
1488	1084
1489	1086
1487	1088
1485	1091
1486	1093
1488	1096
1490	1098
1490	1101
1487	1103
1488	1105
1492	1108
1492	1111
1490	1114
1487	1116
1485	1118
1485	1121
1487	1123
1492	1126
1493	1128
1491	1130
1487	1133
1485	1135
1486	1138
1488	1140
1489	1142
1489	1145
1485	1147
1478	1150
1475	1153
1475	1155
1482	1158
1488	1160
1488	1163
1486	1165
1484	1167
1488	1170
1491	1172
1491	1175
1491	1177
1494	1179
1497	1182
1497	1184
1493	1187
1488	1189
1485	1192
1483	1195
1484	1197
1487	1200
1487	1202
1486	1205
1486	1207
1489	1209
1490	1212
1490	1214
1490	1217
1488	1219
1484	1221
1482	1224
1489	1226
1498	1229
1499	1231
1494	1233
1489	1236
1485	1239
1484	1242
1482	1244
1480	1246
1479	1249
1477	1251
1480	1254
1486	1256
1488	1258
1488	1261
1486	1263
1489	1266
1490	1268
1489	1270
1487	1273
1486	1275
1484	1278
1483	1281
1479	1284
1479	1286
1479	1288
1479	1291
1482	1293
1486	1296
1488	1298
1489	1300
1492	1303
1493	1305
1491	1308
1486	1310
1482	1312
1479	1315
1478	1317
1478	1320
1482	1323
1488	1325
1494	1328
1495	1330
1490	1333
1484	1335
1479	1337
1478	1340
1476	1342
1475	1345
1478	1347
1482	1349
1485	1352
1484	1354
1480	1357
1476	1359
1486	1361
1496	1364
1499	1367
1495	1370
1488	1372
1486	1374
1492	1377
1502	1379
1505	1382
1501	1384
1491	1387
1482	1389
1481	1391
1481	1394
1480	1396
1479	1399
1478	1401
1477	1403
1478	1406
1477	1409
1475	1412
1475	1414
1476	1416
1478	1419
1478	1421
1479	1424
1480	1426
1483	1428
1487	1431
1493	1433
1496	1436
1499	1438
1499	1440
1495	1443
1491	1445
1487	1448
1483	1451
1480	1453
1478	1456
1477	1458
1477	1461
1483	1463
1488	1465
1490	1468
1489	1470
1485	1473
1480	1475
1478	1477
1478	1480
1480	1482
1480	1485
1480	1487
1478	1489
1476	1492
1479	1495
1486	1498
1489	1500
1489	1503
1487	1505
1486	1507
1487	1510
1487	1512
1487	1515
1493	1517
1495	1519
1496	1522
1494	1524
1496	1527
1497	1529
1496	1531
1493	1534
1489	1537
1485	1540
1481	1542
1477	1544
1476	1547
1476	1549
1478	1552
1485	1554
1490	1556
1493	1559
1493	1561
1490	1564
1489	1566
1486	1568
1485	1571
1486	1573
1486	1576
1489	1579
1491	1581
1490	1584
1492	1586
1492	1589
1490	1591
1486	1594
1482	1596
1483	1598
1485	1601
1485	1603
1483	1606
1483	1608
1486	1610
1492	1613
1498	1615
1499	1618
1499	1620
1491	1623
1484	1626
1479	1628
1476	1631
1476	1633
1478	1635
1480	1638
1483	1640
1487	1643
1488	1645
1485	1647
1484	1650
1484	1652
1484	1655
1485	1657
1485	1659
1485	1662
1486	1665
1489	1668
1491	1670
1492	1672
1492	1675
1491	1677
1489	1680
1488	1682
1488	1684
1484	1687
1480	1689
1479	1692
1483	1694
1489	1697
1493	1699
1492	1701
1490	1704
1486	1707
1485	1710
1485	1712
1481	1714
1481	1717
1486	1719
1489	1722
1492	1724
1492	1726
1492	1729
1489	1731
1486	1734
1483	1736
1482	1738
1482	1741
1486	1743
1493	1746
1499	1748
1502	1751
1501	1754
1497	1756
1493	1759
1491	1761
1492	1763
1490	1766
1489	1768
1493	1771
1500	1773
1500	1775
1496	1778
1492	1780
1490	1783
1488	1785
1486	1787
1484	1790
1480	1793
1475	1796
1474	1798
1479	1801
1486	1803
1491	1805
1492	1808
1492	1810
1488	1813
1485	1815
1483	1817
1482	1820
1482	1822
1484	1825
1485	1827
1488	1829
1492	1832
1489	1835
1487	1838
1485	1840
1487	1842
1491	1845
1493	1847
1493	1850
1489	1852
1485	1854
1481	1857
1478	1859
1476	1862
1475	1864
1475	1866
1475	1869
1473	1871
1474	1874
1478	1876
1489	1879
1495	1882
1492	1884
1485	1887
1477	1889
1477	1892
1479	1894
1481	1896
1481	1899
1480	1901
1482	1904
1485	1906
1487	1908
1484	1911
1481	1913
1480	1916
1478	1918
1481	1921
1486	1924
1491	1926
1495	1929
1492	1931
1488	1933
1484	1936
1481	1938
1479	1941
1475	1943
1476	1945
1479	1948
1484	1950
1483	1953
1480	1955
1477	1957
1474	1960
1478	1963
1484	1966
1488	1968
1488	1970
1485	1973
1482	1975
1482	1978
1486	1980
1486	1982
1484	1985
1483	1987
1486	1990
1490	1992
1492	1995
1493	1997
1492	1999
1492	2002
1493	2004
1492	2008
1493	2010
1490	2012
1485	2015
1482	2017
1480	2020
1480	2022
1484	2024
1486	2027
1486	2029
1486	2032
1484	2034
1482	2036
1485	2039
1490	2041
1494	2044
1493	2046
1489	2049
1486	2052
1486	2054
1486	2057
1485	2059
1484	2061
1483	2064
1483	2066
1482	2069
1481	2071
1480	2073
1481	2076
1486	2078
1490	2081
1494	2083
1501	2085
1504	2088
1502	2091
1497	2094
1492	2096
1492	2099
1491	2101
1490	2103
1486	2106
1482	2108
1482	2111
1482	2113
1483	2115
1485	2118
1489	2120
1488	2123
1487	2125
1485	2127
1488	2130
1489	2132
1490	2136
1495	2138
1497	2140
1495	2143
1492	2145
1488	2148
1486	2150
1485	2152
1483	2155
1483	2157
1484	2160
1488	2162
1492	2164
1496	2167
1501	2169
1501	2172
1500	2174
1497	2177
1492	2180
1486	2182
1480	2185
1478	2187
1481	2190
1487	2192
1492	2194
1492	2197
1487	2199
1485	2202
1486	2204
1488	2206
1488	2209
1489	2211
1490	2214
1491	2216
1489	2219
1486	2222
1486	2224
1485	2227
1484	2229
1482	2231
1481	2234
1481	2236
1484	2239
1489	2241
1492	2243
1493	2246
1495	2248
1497	2251
1499	2253
1500	2255
1496	2258
1492	2260
1490	2264
1489	2266
1490	2268
1489	2271
1491	2273
1492	2276
1493	2278
1492	2281
1488	2283
1494	2285
1501	2288
1502	2290
1499	2293
1491	2295
1488	2297
1490	2300
1495	2302
1496	2306
1492	2308
1487	2310
1484	2313
1485	2315
1486	2318
1486	2320
1483	2322
1474	2325
1466	2327
1464	2330
1470	2332
1479	2334
1486	2337
1488	2339
1489	2342
1489	2344
1489	2347
1488	2350
1486	2352
1486	2355
1493	2357
1497	2360
1496	2362
1492	2364
1490	2367
1488	2369
1486	2372
1485	2374
1487	2376
1488	2379
1488	2381
1491	2384
1491	2386
1494	2388
1495	2392
1497	2394
1495	2397
1488	2399
1484	2401
1482	2404
1484	2406
1489	2409
1493	2411
1492	2413
1491	2416
1489	2418
1487	2421
1486	2423
1486	2425
1489	2428
1491	2430
1490	2434
1491	2436
1492	2438
1491	2441
1489	2443
1490	2446
1497	2448
1500	2451
1498	2453
1492	2455
1486	2458
1481	2460
1481	2463
1483	2465
1485	2467
1484	2470
1483	2472
1485	2476
1494	2478
1496	2480
1494	2483
1491	2485
1489	2488
1488	2490
1491	2492
1494	2495
1492	2497
1488	2500
1486	2502
1487	2504
1492	2507
1494	2509
1494	2512
1491	2514
1488	2516
1487	2520
1484	2522
1481	2525
1480	2527
1484	2530
1487	2532
1487	2534
1484	2537
1482	2539
1482	2542
1484	2544
1488	2546
1492	2549
1494	2551
1492	2554
1489	2556
1489	2558
1491	2562
1490	2564
1488	2567
1494	2569
1497	2571
1497	2574
1491	2576
1485	2579
1484	2581
1487	2583
1486	2586
1483	2588
1482	2591
1483	2593
1486	2595
1488	2598
1490	2600
1491	2604
1490	2606
1488	2609
1486	2611
1486	2613
1488	2616
1486	2618
1483	2621
1483	2623
1489	2625
1490	2628
1486	2630
1480	2633
1478	2635
1478	2637
1479	2640
1479	2642
1482	2646
1485	2648
1488	2650
1492	2653
1495	2655
1498	2658
1497	2660
1490	2662
1483	2665
1476	2667
1475	2670
1479	2672
1486	2674
1490	2677
1491	2679
1488	2682
1487	2684
1485	2686
1483	2690
1482	2692
1487	2695
1494	2697
1502	2699
1501	2702
1494	2704
1490	2707
1487	2709
1490	2712
1488	2714
1485	2716
1480	2719
1478	2721
1478	2724
1480	2726
1481	2728
1481	2732
1483	2734
1486	2737
1485	2739
1483	2741
1482	2744
1483	2746
1481	2749
1475	2751
1474	2753
1481	2756
1489	2758
1494	2761
1492	2763
1486	2765
1480	2768
1480	2770
1484	2774
1487	2776
1491	2778
1491	2781
1490	2783
1489	2786
1488	2788
1486	2790
1483	2793
1481	2795
1482	2798
1486	2800
1490	2803
1493	2805
1492	2807
1490	2810
1486	2812
1486	2816
1488	2818
1492	2820
1497	2823
1500	2825
1501	2828
1496	2830
1492	2832
1486	2835
1485	2837
1487	2840
1486	2842
1485	2844
1482	2847
1479	2849
1479	2852
1478	2854
1477	2856
1479	2860
1485	2862
1490	2865
1493	2867
1493	2869
1493	2872
1495	2874
1495	2877
1492	2879
1484	2881
1478	2884
1479	2886
1480	2889
1481	2891
1481	2894
1484	2896
1487	2898
1489	2902
1486	2904
1483	2907
1485	2909
1489	2911
1492	2914
1493	2916
1491	2919
1484	2921
1480	2923
1479	2926
1479	2928
1481	2931
1485	2933
1493	2935
1499	2938
1498	2940
1495	2944
1489	2946
1485	2948
1482	2951
1478	2953
1478	2956
1476	2958
1478	2960
1483	2963
1486	2965
1487	2968
1486	2970
1486	2972
1490	2975
1491	2977
1491	2980
1489	2982
1490	2985
1495	2988
1498	2990
1493	2993
1490	2995
1491	2998
1494	3000
1493	3002
1490	3005
1485	3007
1481	3010
1481	3012
1485	3014
1492	3017
1494	3019
1491	3022
1486	3024
1484	3026
1485	3030
1488	3032
1486	3035
1479	3037
1473	3039
1476	3042
1485	3044
1490	3047
1493	3049
1492	3052
1490	3054
1486	3056
1489	3059
1495	3061
1496	3064
1495	3066
1492	3068
1489	3072
1488	3074
1492	3077
1493	3079
1492	3081
1489	3084
1485	3086
1482	3089
1479	3091
1477	3093
1481	3096
1483	3098
1483	3101
1481	3103
1483	3105
1485	3108
1482	3110
1486	3113
1491	3116
1494	3118
1492	3121
1485	3123
1484	3126
1490	3128
1497	3131
1499	3133
1496	3135
1492	3138
1489	3140
1487	3143
1485	3145
1481	3147
1481	3150
1483	3152
1485	3155
1483	3158
1480	3160
1479	3163
1488	3165
1497	3168
1504	3170
1503	3172
1496	3175
1489	3177
1485	3180
1482	3182
1478	3184
1474	3187
1473	3189
1482	3192
1490	3194
1490	3197
1486	3200
1484	3202
1487	3205
1492	3207
1492	3210
1492	3212
1491	3214
1488	3217
1485	3219
1483	3222
1486	3224
1491	3226
1492	3229
1488	3231
1484	3234
1484	3236
1490	3238
1493	3241
1488	3244
1479	3247
1472	3249
1475	3251
1479	3254
1489	3256
1493	3259
1493	3261
1491	3263
1489	3266
1488	3268
1488	3271
1487	3273
1486	3275
1488	3278
1490	3280
1491	3283
1489	3286
1486	3288
1484	3291
1484	3293
1485	3296
1485	3298
1487	3300
1488	3303
1486	3305
1486	3308
1487	3310
1486	3313
1485	3315
1485	3317
1486	3320
1489	3322
1491	3325
1491	3328
1488	3330
1487	3333
1489	3335
1492	3338
1494	3340
1492	3342
1489	3345
1487	3347
1485	3350
1484	3352
1485	3354
1487	3357
1487	3359
1487	3362
1488	3364
1489	3366
1488	3369
1487	3372
1488	3375
1489	3377
1490	3379
1489	3382
1485	3384
1483	3387
1484	3389
1486	3391
1492	3394
1498	3396
1497	3399
1492	3401
1487	3404
1483	3406
1485	3408
1485	3411
1488	3414
1490	3417
1492	3419
1491	3421
1487	3424
1481	3426
1478	3429
1478	3431
1482	3433
1490	3436
1493	3438
1493	3441
1489	3443
1485	3445
1484	3448
1485	3450
1486	3453
1484	3456
1481	3458
1477	3461
1476	3463
1474	3466
1472	3468
1474	3470
1479	3473
1486	3475
1488	3478
1489	3480
1487	3482
1491	3485
1497	3487
1500	3490
1502	3492
1499	3495
1493	3497
1490	3500
1490	3503
1489	3505
1488	3508
1486	3510
1484	3512
1483	3515
1478	3517
1478	3520
1484	3522
1489	3524
1491	3527
1486	3529
1484	3532
1491	3534
1497	3536
1496	3539
1492	3542
1485	3545
1482	3547
1484	3549
1489	3552
1494	3554
1492	3557
1490	3559
1489	3561
1488	3564
1489	3566
1493	3569
1496	3571
1494	3573
1489	3576
1484	3578
1483	3581
1483	3584
1484	3587
1488	3589
1492	3591
1494	3594
1493	3596
1488	3599
1485	3601
1484	3603
1486	3606
1484	3608
1479	3611
1479	3613
1486	3615
1496	3618
1499	3620
1496	3623
1491	3625
1492	3628
1497	3631
1498	3633
1492	3636
1484	3638
1479	3640
1481	3643
1483	3645
1483	3648
1482	3650
1482	3652
1487	3655
1489	3657
1487	3660
1483	3662
1481	3665
1481	3667
1484	3670
1488	3673
1490	3675
1489	3678
1486	3680
1484	3682
1485	3685
1487	3687
1490	3690
1491	3692
1491	3694
1490	3697
1492	3699
1493	3702
1493	3704
1488	3706
1481	3709
1479	3712
1477	3715
1479	3717
1483	3719
1484	3722
1486	3724
1486	3727
1485	3729
1483	3731
1481	3734
1484	3736
1489	3739
1493	3741
1494	3744
1495	3746
1498	3748
1498	3751
1493	3753
1488	3757
1489	3759
1492	3761
1493	3764
1492	3766
1490	3769
1489	3771
1487	3773
1488	3776
1489	3778
1489	3781
1490	3783
1493	3785
1491	3788
1486	3790
1479	3793
1479	3795
1482	3798
1483	3801
1480	3803
1480	3806
1484	3808
1491	3810
1494	3813
1493	3815
1489	3818
1484	3820
1480	3823
1483	3825
1487	3827
1491	3830
1493	3832
1495	3835
1495	3837
1493	3840
1486	3843
1479	3845
1479	3848
1482	3850
1488	3852
1490	3855
1486	3857
1482	3860
1482	3862
1484	3864
1483	3867
1479	3869
1475	3872
1475	3874
1479	3876
1489	3879
1494	3881
1496	3885
1496	3887
1495	3889
1496	3892
1496	3894
1495	3897
1496	3899
1493	3901
1488	3904
1483	3906
1486	3909
1488	3911
1485	3913
1481	3916
1480	3918
1482	3921
1483	3923
1477	3927
1473	3929
1471	3931
1477	3934
1485	3936
1491	3939
1493	3941
1493	3943
1493	3946
1490	3948
1485	3951
1482	3953
1481	3955
1483	3958
1488	3960
1491	3963
1493	3965
1493	3968
1496	3971
1494	3973
1487	3976
1481	3978
1481	3980
1480	3983
1481	3985
1484	3988
1489	3990
1489	3992
1489	3995
1491	3997
1493	4000
1492	4002
1486	4005
1480	4007
1477	4009
1476	4013
1482	4015
1487	4018
1489	4020
1489	4022
1486	4025
1481	4027
1476	4030
1479	4032
1484	4034
1486	4037
1482	4039
1478	4042
1480	4044
1485	4046
1486	4049
1484	4051
1484	4055
1486	4057
1489	4059
1494	4062
1496	4064
1494	4067
1489	4069
1486	4071
1489	4074
1492	4076
1492	4079
1489	4081
1485	4083
1483	4086
1482	4088
1482	4091
1482	4093
1482	4096
1481	4099
1480	4101
1479	4104
1479	4106
1486	4109
1494	4111
1494	4113
1490	4116
1487	4118
1490	4121
1496	4123
1492	4125
1486	4128
1485	4130
1483	4133
1484	4135
1486	4137
1486	4141
1487	4143
1490	4146
1490	4148
1486	4150
1483	4153
1478	4155
1477	4158
1480	4160
1480	4162
1479	4165
1479	4167
1480	4170
1482	4172
1481	4174
1483	4177
1486	4179
1490	4183
1490	4185
1488	4187
1487	4190
1487	4192
1485	4195
1485	4197
1486	4200
1490	4202
1493	4204
1494	4207
1492	4209
1488	4212
1483	4214
1482	4216
1484	4219
1487	4221
1490	4225
1487	4227
1482	4229
1479	4232
1481	4234
1489	4237
1496	4239
1500	4241
1498	4244
1488	4246
1482	4249
1482	4251
1486	4253
1488	4256
1486	4258
1482	4261
1480	4263
1481	4265
1483	4269
1485	4271
1486	4274
1489	4276
1496	4278
1500	4281
1499	4283
1496	4286
1491	4288
1494	4291
1496	4293
1497	4295
1491	4298
1485	4300
1482	4303
1480	4305
1478	4307
1479	4311
1481	4313
1483	4316
1485	4318
1484	4320
1485	4323
1484	4325
1483	4328
1483	4330
1486	4332
1490	4335
1492	4337
1492	4340
1492	4342
1495	4344
1499	4347
1502	4349
1502	4353
1496	4355
1490	4357
1483	4360
1482	4362
1485	4365
1487	4367
1487	4370
1486	4372
1485	4374
1486	4377
1485	4379
1483	4382
1483	4384
1484	4386
1487	4389
1488	4391
1487	4395
1482	4397
1478	4399
1478	4402
1478	4404
1484	4407
1487	4409
1492	4411
1492	4414
1491	4416
1495	4419
1496	4421
1492	4423
1485	4426
1478	4428
1475	4431
1478	4433
1482	4435
1485	4439
1488	4441
1488	4444
1487	4446
1485	4449
1486	4451
1487	4453
1489	4456
1488	4458
1486	4461
1483	4463
1486	4465
1490	4468
1491	4470
1490	4473
1485	4475
1481	4477
1478	4481
1477	4483
1480	4486
1483	4488
1493	4490
1498	4493
1496	4495
1489	4498
1483	4500
1481	4502
1484	4505
1488	4507
1488	4510
1486	4512
1482	4514
1480	4517
1480	4519
1480	4523
1480	4525
1483	4527
1486	4530
1486	4532
1488	4535
1489	4537
1490	4540
1490	4542
1493	4544
1496	4547
1498	4549
1495	4552
1494	4554
1493	4556
1491	4559
1491	4561
1491	4564
1493	4567
1489	4569
1484	4572
1480	4574
1478	4577
1479	4579
1481	4581
1483	4584
1482	4586
1480	4589
1478	4591
1480	4593
1482	4596
1487	4598
1492	4601
1491	4603
1486	4605
1481	4609
1479	4611
1484	4614
1493	4616
1497	4618
1490	4621
1478	4623
1471	4626
1473	4628
1477	4631
1480	4633
1480	4635
1487	4638
1493	4640
1493	4643
1488	4645
1485	4647
1486	4651
1487	4653
1488	4656
1487	4658
1489	4660
1489	4663
1487	4665
1484	4668
1483	4670
1485	4672
1485	4675
1484	4677
1481	4680
1480	4682
1479	4684
1487	4687
1490	4689
1486	4692
1482	4695
1485	4697
1488	4700
1490	4702
1491	4705
1486	4707
1482	4710
1483	4712
1483	4714
1481	4717
1479	4719
1479	4722
1484	4724
1490	4726
1495	4729
1499	4731
1499	4734
1498	4737
1497	4739
1495	4742
1492	4744
1487	4747
1485	4749
1484	4751
1485	4754
1484	4756
1485	4759
1488	4761
1489	4764
1491	4766
1491	4768
1490	4771
1489	4773
1488	4776
1484	4779
1481	4781
1479	4784
1482	4786
1486	4789
1491	4791
1492	4793
1491	4796
1487	4798
1483	4801
1489	4803
1495	4805
1500	4808
1498	4810
1493	4813
1491	4815
1488	4817
1485	4820
1482	4823
1478	4826
1478	4828
1479	4830
1482	4833
1483	4835
1483	4838
1482	4840
1486	4843
1493	4845
1495	4847
1490	4850
1488	4852
1491	4855
1496	4857
1497	4859
1496	4862
1491	4865
1488	4868
1485	4870
1484	4872
1489	4875
1492	4877
1493	4880
1490	4882
1487	4884
1487	4887
1486	4889
1486	4892
1492	4894
1501	4896
1504	4899
1499	4901
1490	4904
1485	4907
1481	4909
1478	4912
1479	4914
1484	4917
1485	4919
1484	4921
1483	4924
1483	4926
1485	4929
1485	4931
1483	4934
1481	4936
1480	4938
1482	4941
1488	4943
1489	4946
1489	4948
1486	4951
1481	4954
1480	4956
1482	4959
1487	4961
1492	4963
1494	4966
1492	4968
1487	4971
1482	4973
1481	4975
1485	4978
1489	4980
1489	4983
1486	4985
1482	4987
1482	4990
1483	4993
1487	4996
1491	4998
1493	5000
1493	5003
1493	5005
1491	5008
1489	5010
1490	5013
1490	5015
1488	5017
1489	5020
1488	5022
1491	5025
1489	5027
1482	5029
1477	5032
1476	5035
1479	5038
1481	5040
1480	5042
1480	5045
1479	5047
1479	5050
1485	5052
1489	5054
1488	5057
1486	5059
1483	5062
1482	5064
1483	5066
1488	5069
1491	5071
1490	5074
1487	5076
1483	5079
1482	5082
1482	5084
1488	5087
1496	5089
1498	5092
1495	5094
1491	5096
1487	5099
1485	5101
1485	5104
1485	5106
1483	5108
1481	5111
1482	5113
1479	5116
1477	5118
1478	5121
1481	5124
1485	5126
1487	5129
1489	5131
1489	5133
1489	5136
1491	5138
1492	5141
1495	5143
1500	5145
1502	5148
1500	5150
1491	5153
1485	5155
1485	5158
1490	5160
1492	5163
1492	5166
1488	5168
1481	5171
1475	5173
1473	5175
1476	5178
1479	5180
1484	5183
1493	5185
1500	5187
1500	5190
1493	5192
1486	5195
1484	5197
1487	5199
1497	5202
1500	5204
1497	5208
1492	5210
1489	5212
1489	5215
1486	5217
1483	5220
1479	5222
1478	5224
1482	5227
1485	5229
1489	5232
1491	5234
1491	5236
1489	5239
1486	5241
1482	5244
1478	5246
1479	5249
1481	5252
1483	5254
1483	5257
1481	5259
1482	5262
1483	5264
1484	5266
1484	5269
1491	5271
1498	5274
1502	5276
1500	5278
1497	5281
1492	5283
1486	5286
1481	5288
1479	5291
1479	5294
1478	5296
1478	5299
1478	5301
1480	5303
1483	5306
1486	5308
1486	5311
1485	5313
1486	5315
1488	5318
1485	5320
1486	5323
1489	5325
1491	5327
1491	5330
1487	5332
1483	5336
1482	5338
1482	5340
1484	5343
1486	5345
1491	5348
1496	5350
1497	5353
1494	5355
1487	5357
1484	5360
1483	5362
1484	5365
1484	5367
1482	5369
1478	5372
1475	5374
1477	5378
1480	5380
1485	5382
1486	5385
1485	5387
1483	5390
1481	5392
1482	5394
1484	5397
1485	5399
1485	5402
1482	5404
1483	5406
1487	5409
1491	5411
1488	5414
1479	5416
1476	5419
1477	5422
1483	5424
1486	5427
1484	5429
1487	5432
1494	5434
1497	5436
1497	5439
1492	5441
1488	5444
1484	5446
1481	5448
1480	5451
1482	5453
1490	5456
1492	5458
1489	5460
1484	5464
1478	5466
1476	5469
1476	5471
1481	5473
1485	5476
1485	5478
1484	5481
1482	5483
1483	5485
1485	5488
1489	5490
1495	5493
1499	5495
1497	5497
1493	5500
1488	5502
1486	5506
1484	5508
1483	5511
1481	5513
1481	5515
1486	5518
1487	5520
1487	5523
1484	5525
1481	5527
1478	5530
1476	5532
1476	5535
1478	5537
1482	5539
1491	5542
1499	5544
1500	5548
1501	5550
1499	5552
1494	5555
1488	5557
1484	5560
1483	5562
1482	5564
1480	5567
1479	5569
1481	5572
1484	5574
1487	5576
1487	5579
1486	5581
1485	5584
1487	5586
1489	5590
1488	5592
1484	5594
1481	5597
1484	5599
1491	5602
1494	5604
1494	5606
1493	5609
1492	5611
1488	5614
1484	5616
1483	5618
1480	5621
1483	5623
1486	5626
1488	5628
1488	5630
1487	5634
1488	5636
1489	5639
1489	5641
1487	5643
1486	5646
1487	5648
1488	5651
1488	5653
1485	5655
1484	5658
1490	5660
1495	5663
1496	5665
1490	5668
1485	5670
1486	5672
1487	5676
1487	5678
1484	5681
1479	5683
1475	5685
1475	5688
1482	5690
1487	5693
1492	5695
1494	5697
1494	5700
1492	5702
1488	5705
1485	5707
1487	5709
1488	5712
1488	5714
1485	5718
1484	5720
1485	5722
1486	5725
1487	5727
1489	5730
1489	5732
1491	5734
1491	5737
1490	5739
1488	5742
1485	5744
1484	5747
1484	5749
1485	5751
1490	5754
1492	5756
1492	5760
1490	5762
1485	5764
1484	5767
1486	5769
1485	5772
1482	5774
1480	5776
1481	5779
1485	5781
1489	5784
1490	5786
1488	5788
1485	5791
1485	5793
1488	5796
1493	5798
1497	5800
1497	5804
1498	5806
1496	5809
1491	5811
1488	5813
1483	5816
1479	5818
1475	5821
1476	5823
1479	5826
1479	5828
1478	5830
1479	5833
1488	5835
1493	5838
1493	5840
1487	5842
1484	5846
1485	5848
1491	5851
1494	5853
1493	5855
1489	5858
1486	5860
1488	5863
1490	5865
1490	5867
1486	5870
1478	5872
1472	5875
1471	5877
1475	5879
1481	5882
1487	5884
1492	5888
1492	5890
1490	5892
1489	5895
1492	5897
1494	5900
1496	5902
1492	5905
1485	5907
1479	5909
1479	5912
1485	5914
1486	5917
1485	5919
1484	5921
1485	5924
1486	5926
1486	5929
1486	5932
1484	5934
1484	5937
1484	5939
1486	5942
1488	5944
1489	5946
1490	5949
1489	5951
1485	5954
1485	5956
1488	5958
1496	5961
1498	5963
1495	5966
1492	5968
1489	5970
1492	5974
1491	5976
1487	5979
1481	5981
1479	5984
1480	5986
1483	5988
1486	5991
1488	5993
1489	5996
1489	5998
1488	6000
1485	6003
1480	6005
1478	6008
1478	6010
1484	6012
1488	6016
1488	6018
1488	6021
1488	6023
1488	6025
1487	6028
1486	6030
1484	6033
1486	6035
1492	6037
1501	6040
1506	6042
1499	6045
1488	6047
1480	6049
1479	6052
1481	6054
1484	6057
1485	6060
1483	6063
1484	6065
1485	6067
1484	6070
1485	6072
1486	6075
1488	6077
1489	6079
1490	6082
1492	6084
1492	6087
1492	6089
1487	6091
1485	6094
1485	6096
1486	6099
1489	6102
1492	6104
1494	6107
1490	6109
1486	6112
1483	6114
1480	6116
1481	6119
1482	6121
1488	6124
1490	6126
1489	6128
1485	6131
1481	6133
1480	6136
1484	6138
1493	6141
1497	6144
1496	6146
1492	6149
1491	6151
1489	6154
1489	6156
1490	6158
1489	6161
1484	6163
1480	6166
1479	6168
1481	6170
1481	6173
1479	6175
1479	6178
1484	6180
1491	6182
1492	6185
1486	6188
1482	6191
1482	6193
1483	6195
1482	6198
1480	6200
1480	6203
1484	6205
1486	6208
1495	6210
1504	6212
1509	6215
1503	6217
1493	6220
1488	6222
1485	6224
1484	6227
1485	6230
1488	6233
1489	6235
1486	6237
1481	6240
1480	6242
1482	6245
1485	6247
1490	6249
1493	6252
1493	6254
1491	6257
1486	6259
1482	6261
1481	6264
1480	6266
1480	6269
1481	6272
1482	6274
1483	6277
1486	6279
1489	6282
1488	6284
1489	6287
1490	6289
1490	6291
1489	6294
1492	6296
1497	6299
1500	6301
1497	6303
1496	6306
1498	6308
1498	6311
1497	6313
1494	6316
1490	6319
1488	6321
1486	6324
1484	6326
1482	6328
1484	6331
1490	6333
1493	6336
1492	6338
1487	6340
1485	6343
1485	6345
1483	6348
1483	6350
1484	6353
1487	6355
1489	6358
1489	6361
1488	6363
1488	6366
1490	6368
1491	6370
1488	6373
1484	6375
1481	6378
1485	6380
1488	6382
1489	6385
1487	6387
1482	6390
1481	6392
1482	6394
1483	6397
1482	6400
1483	6403
1483	6405
1483	6407
1484	6410
1492	6412
1502	6415
1504	6417
1500	6420
1494	6422
1492	6424
1492	6427
1493	6429
1495	6432
1492	6434
1489	6436
1482	6439
1478	6441
1478	6445
1479	6447
1480	6449
1480	6452
1479	6454
1480	6457
1481	6459
1480	6461
1483	6464
1490	6466
1496	6469
1495	6471
1486	6473
1477	6476
1472	6478
1472	6481
1477	6483
1483	6486
1486	6489
1486	6491
1484	6494
1486	6496
1487	6498
1488	6501
1492	6503
1497	6506
1494	6508
1491	6510
1486	6513
1486	6515
1487	6518
1486	6520
1487	6523
1490	6525
1493	6528
1493	6531
1491	6533
1490	6536
1490	6538
1490	6540
1486	6543
1484	6545
1483	6548
1482	6550
1481	6552
1482	6555
1486	6557
1494	6560
1504	6562
1505	6564
1500	6567
1491	6569
1483	6573
1482	6575
1478	6577
1477	6580
1478	6582
1481	6585
1484	6587
1482	6589
1480	6592
1481	6594
1481	6597
1482	6599
1482	6601
1482	6604
1481	6606
1480	6609
1482	6611
1483	6614
1481	6617
1480	6619
1481	6622
1486	6624
1497	6627
1500	6629
1496	6631
1490	6634
1486	6636
1485	6639
1485	6641
1485	6643
1486	6646
1484	6648
1481	6651
1480	6653
1480	6656
1481	6659
1481	6661
1482	6664
1485	6666
1487	6668
1490	6671
1493	6673
1493	6676
1492	6678
1489	6680
1490	6683
1493	6685
1497	6688
1498	6690
1494	6692
1488	6695
1485	6697
1489	6701
1493	6703
1492	6705
1490	6708
1486	6710
1485	6713
1485	6715
1483	6718
1485	6720
1486	6722
1488	6725
1488	6727
1487	6730
1487	6732
1484	6734
1485	6737
1489	6739
1497	6743
1503	6745
1507	6747
1506	6750
1504	6752
1502	6755
1496	6757
1492	6759
1489	6762
1488	6764
1486	6767
1484	6769
1482	6771
1478	6774
1473	6776
1474	6779
1477	6781
1483	6784
1488	6787
1489	6789
1490	6792
1495	6794
1497	6797
1495	6799
1489	6801
1486	6804
1486	6806
1486	6809
1485	6811
1482	6813
1481	6816
1488	6818
1496	6821
1497	6823
1493	6825
1488	6829
1486	6831
1486	6834
1486	6836
1486	6838
1484	6841
1482	6843
1481	6846
1482	6848
1484	6850
1484	6853
1487	6855
1489	6858
1493	6860
1494	6862
1494	6865
1494	6867
1491	6871
1489	6873
1487	6876
1487	6878
1491	6880
1489	6883
1485	6885
1484	6888
1486	6890
1488	6892
1490	6895
1489	6897
1490	6900
1488	6902
1486	6904
1487	6907
1488	6909
1491	6913
1492	6915
1487	6917
1483	6920
1483	6922
1484	6925
1489	6927
1491	6929
1492	6932
1493	6934
1490	6937
1481	6939
1476	6941
1477	6944
1483	6946
1487	6949
1485	6951
1480	6955
1481	6957
1484	6959
1487	6962
1492	6964
1499	6967
1504	6969
1503	6971
1499	6974
1492	6976
1490	6979
1489	6981
1488	6983
1491	6986
1490	6988
1487	6991
1484	6993
1481	6995
1478	6999
1475	7001
1473	7004
1473	7006
1475	7008
1478	7011
1482	7013
1487	7016
1492	7018
1492	7021
1488	7023
1483	7025
1476	7028
1473	7030
1476	7033
1489	7035
1502	7037
1506	7041
1498	7043
1488	7046
1483	7048
1477	7050
1475	7053
1479	7055
1482	7058
1483	7060
1484	7062
1486	7065
1487	7067
1485	7070
1485	7072
1484	7074
1482	7077
1481	7079
1480	7083
1481	7085
1486	7087
1492	7090
1494	7092
1493	7095
1490	7097
1489	7100
1489	7102
1486	7104
1485	7107
1483	7109
1484	7112
1484	7114
1483	7116
1480	7119
1482	7121
1486	7124
1488	7127
1485	7129
1479	7132
1477	7134
1480	7137
1483	7139
1481	7141
1477	7144
1474	7146
1475	7149
1477	7151
1479	7153
1484	7156
1489	7158
1485	7161
1481	7163
1481	7165
1482	7169
1487	7171
1489	7174
1492	7176
1490	7179
1486	7181
1482	7183
1484	7186
1485	7188
1483	7191
1480	7193
1478	7195
1478	7198
1484	7200
1487	7203
1490	7205
1487	7207
1484	7211
1487	7213
1494	7216
1497	7218
1494	7220
1486	7223
1480	7225
1478	7228
1477	7230
1479	7232
1480	7235
1479	7237
1479	7240
1477	7242
1476	7245
1477	7247
1478	7249
1480	7252
1481	7255
1481	7258
1481	7260
1479	7262
1477	7265
1477	7267
1479	7270
1481	7272
1484	7274
1485	7277
1488	7279
1492	7282
1494	7284
1494	7286
1491	7289
1488	7291
1484	7294
1482	7297
1482	7299
1484	7302
1486	7304
1487	7307
1487	7309
1485	7311
1482	7314
1480	7316
1481	7319
1482	7321
1483	7324
1485	7326
1485	7328
1482	7331
1478	7333
1474	7336
1476	7339
1480	7341
1488	7344
1494	7346
1498	7349
1504	7351
1506	7353
1505	7356
1500	7358
1489	7361
1484	7363
1483	7365
1481	7368
1478	7370
1480	7373
1485	7375
1491	7377
1492	7380
1487	7383
1482	7386
1481	7388
1480	7391
1480	7393
1482	7395
1485	7398
1490	7400
1494	7403
1494	7405
1498	7407
1505	7410
1507	7412
1503	7415
1496	7417
1492	7419
1489	7422
1488	7425
1485	7428
1482	7430
1481	7432
1481	7435
1479	7437
1480	7440
1484	7442
1485	7444
1487	7447
1490	7449
1493	7452
1492	7454
1489	7457
1485	7459
1484	7461
1483	7464
1483	7467
1484	7470
1484	7472
1484	7474
1486	7477
1488	7479
1487	7482
1494	7484
1501	7486
1503	7489
1500	7491
1494	7494
1490	7496
1486	7498
1485	7501
1487	7503
1491	7506
1500	7508
1503	7511
1501	7514
1497	7516
1490	7519
1488	7521
1486	7524
1485	7526
1483	7528
1480	7531
1480	7533
1488	7536
1496	7538
1498	7540
1496	7543
1492	7545
1492	7548
1495	7550
1494	7553
1494	7556
1494	7558
1494	7561
1494	7563
1493	7565
1491	7568
1488	7570
1486	7573
1486	7575
1488	7577
1487	7580
1486	7582
1489	7585
1491	7587
1493	7590
1493	7592
1490	7595
1488	7598
1489	7600
1492	7603
1498	7605
1502	7607
1500	7610
1498	7612
1494	7615
1493	7617
1496	7619
1497	7622
1494	7624
1490	7627
1485	7629
1484	7631
1486	7634
1488	7636
1486	7640
1484	7642
1482	7644
1483	7647
1488	7649
1492	7652
1496	7654
1495	7656
1494	7659
1495	7661
1497	7664
1495	7666
1490	7669
1484	7671
1483	7673
1485	7676
1485	7678
1483	7682
1482	7684
1482	7686
1483	7689
1483	7691
1484	7694
1485	7696
1483	7698
1482	7701
1481	7703
1479	7706
1481	7708
1487	7710
1490	7713
1491	7715
1491	7718
1493	7720
1499	7723
1503	7726
1500	7728
1495	7731
1490	7733
1488	7736
1488	7738
1489	7740
1490	7743
1487	7745
1486	7748
1486	7750
1486	7752
1487	7755
1487	7757
1488	7760
1488	7762
1485	7764
1487	7768
1489	7770
1490	7773
1491	7775
1493	7777
1496	7780
1495	7782
1491	7785
1489	7787
1492	7789
1495	7792
1496	7794
1498	7797
1499	7799
1497	7801
1492	7804
1487	7806
1484	7810
1483	7812
1485	7815
1490	7817
1495	7819
1495	7822
1494	7824
1491	7827
1490	7829
1490	7831
1489	7834
1490	7836
1491	7839
1489	7841
1491	7843
1493	7846
1492	7848
1489	7852
1482	7854
1479	7856
1481	7859
1484	7861
1489	7864
1497	7866
1505	7868
1507	7871
1501	7873
1494	7876
1486	7878
1483	7880
1483	7883
1487	7885
1492	7888
1492	7890
1491	7894
1489	7896
1486	7898
1483	7901
1481	7903
1478	7906
1479	7908
1481	7910
1483	7913
1484	7915
1484	7918
1484	7920
1484	7922
1483	7925
1482	7927
1482	7930
1484	7932
1485	7934
1484	7938
1479	7940
1477	7943
1477	7945
1480	7947
1486	7950
1488	7952
1487	7955
1486	7957
1485	7960
1485	7962
1487	7964
1490	7967
1492	7969
1492	7972
1491	7974
1489	7976
1487	7980
1482	7982
1479	7985
1479	7987
1483	7989
1485	7992
1488	7994
1491	7997
1493	7999
1494	8001
1494	8004
1494	8006
1491	8009
1490	8011
1489	8013
1488	8016
1483	8018
1484	8022
1489	8024
1493	8026
1496	8029
1494	8031
1490	8034
1485	8036
1482	8039
1485	8041
1489	8043
1489	8046
1487	8048
1484	8051
1487	8053
1492	8055
1497	8058
1499	8060
1500	8064
1500	8066
1500	8068
1497	8071
1496	8073
1495	8076
1498	8078
1497	8080
1494	8083
1487	8085
1485	8088
1487	8090
1486	8092
1487	8095
1488	8097
1490	8100
1494	8102
1491	8104
1484	8108
1480	8110
1477	8113
1478	8115
1476	8118
1476	8120
1483	8122
1492	8125
1498	8127
1497	8130
1492	8132
1489	8134
1483	8137
1486	8139
1495	8142
1501	8144
1502	8146
1496	8150
1491	8152
1488	8155
1483	8157
1481	8159
1483	8162
1494	8164
1504	8167
1510	8169
1506	8171
1495	8174
1488	8176
1481	8179
1480	8181
1484	8183
1486	8186
1485	8188
1479	8192
1476	8194
1477	8197
1485	8199
1493	8201
1493	8204
1490	8206
1488	8209
1490	8211
1492	8213
1491	8216
1489	8218
1490	8221
1498	8223
1503	8225
1500	8228
1492	8230
1484	8233
1481	8236
1486	8238
1493	8241
1496	8243
1494	8246
1488	8248
1480	8250
1478	8253
1479	8255
1479	8258
1476	8260
1475	8262
1476	8265
1480	8267
1480	8270
1478	8272
1478	8275
1483	8278
1489	8280
1490	8283
1488	8285
1488	8288
1495	8290
1504	8292
1504	8295
1499	8297
1495	8300
1492	8302
1490	8304
1488	8307
1487	8309
1489	8312
1491	8314
1490	8316
1489	8320
1488	8322
1486	8325
1485	8327
1481	8329
1481	8332
1481	8334
1483	8337
1484	8339
1484	8341
1483	8344
1487	8346
1488	8349
1489	8351
1490	8354
1489	8356
1491	8358
1491	8361
1488	8364
1487	8367
1484	8369
1482	8371
1479	8374
1480	8376
1481	8379
1479	8381
1477	8383
1476	8386
1477	8388
1478	8391
1480	8393
1483	8395
1487	8398
1488	8400
1489	8403
1492	8406
1494	8408
1492	8411
1482	8413
1476	8416
1477	8418
1484	8420
1488	8423
1488	8425
1489	8428
1491	8430
1490	8432
1488	8435
1483	8437
1478	8440
1474	8442
1472	8445
1473	8448
1476	8450
1478	8453
1480	8455
1484	8458
1485	8460
1485	8462
1481	8465
1478	8467
1474	8470
1477	8472
1485	8474
1499	8477
1507	8479
1510	8482
1508	8484
1504	8486
1500	8489
1495	8492
1488	8495
1487	8497
1488	8499
1489	8502
1489	8504
1488	8507
1485	8509
1484	8511
1484	8514
1487	8516
1492	8519
1493	8521
1492	8524
1491	8526
1487	8528
1482	8531
1479	8534
1479	8537
1485	8539
1491	8541
1495	8544
1495	8546
1491	8549
1488	8551
1490	8553
1495	8556
1495	8558
1492	8561
1487	8563
1487	8565
1487	8568
1487	8570
1486	8573
1487	8576
1491	8578
1495	8581
1494	8583
1491	8586
1486	8588
1484	8590
1483	8593
1482	8595
1484	8598
1484	8600
1484	8603
1483	8605
1484	8607
1487	8610
1487	8612
1488	8615
1491	8617
1492	8620
1488	8623
1483	8625
1481	8628
1483	8630
1486	8632
1488	8635
1489	8637
1490	8640
1492	8642
1493	8644
1495	8647
1495	8649
1492	8652
1489	8654
1485	8656
1484	8659
1485	8662
1485	8665
1485	8667
1481	8669
1480	8672
1480	8674
1480	8677
1480	8679
1479	8682
1479	8684
1480	8686
1480	8689
1483	8691
1488	8694
1490	8696
1489	8698
1484	8701
1481	8704
1482	8707
1485	8709
1485	8711
1479	8714
1477	8716
1477	8719
1482	8721
1485	8723
1485	8726
1486	8728
1490	8731
1492	8733
1491	8735
1489	8738
1490	8740
1491	8743
1492	8745
1492	8749
1491	8751
1490	8753
1486	8756
1487	8758
1487	8761
1488	8763
1488	8765
1488	8768
1488	8770
1488	8773
1486	8775
1484	8777
1483	8780
1483	8782
1483	8785
1487	8787
1488	8790
1487	8793
1492	8795
1496	8798
1494	8800
1492	8802
1486	8805
1482	8807
1486	8810
1494	8812
1500	8815
1504	8817
1501	8819
1492	8822
1484	8824
1480	8827
1481	8829
1482	8832
1483	8835
1483	8837
1483	8840
1482	8842
1483	8844
1485	8847
1483	8849
1483	8852
1484	8854
1486	8856
1489	8859
1485	8861
1483	8864
1488	8866
1497	8868
1501	8871
1502	8873
1496	8877
1491	8879
1491	8881
1490	8884
1487	8886
1488	8889
1490	8891
1494	8894
1495	8896
1491	8898
1486	8901
1486	8903
1485	8906
1482	8908
1480	8910
1481	8913
1483	8915
1482	8919
1482	8921
1482	8923
1484	8926
1485	8928
1486	8931
1487	8933
1489	8935
1492	8938
1493	8940
1492	8943
1496	8945
1497	8947
1495	8950
1489	8952
1487	8955
1486	8957
1485	8960
1485	8963
1489	8965
1491	8968
1488	8970
1482	8973
1478	8975
1477	8977
1479	8980
1480	8982
1481	8985
1480	8987
1481	8989
1480	8992
1479	8994
1477	8997
1476	8999
1485	9001
1495	9005
1498	9007
1494	9010
1486	9012
1481	9014
1477	9017
1478	9019
1482	9022
1485	9024
1487	9026
1484	9029
1482	9031
1479	9034
1476	9036
1474	9038
1480	9041
1489	9043
1495	9047
1492	9049
1486	9052
1484	9054
1488	9056
1493	9059
1493	9061
1491	9064
1491	9066
1491	9068
1491	9071
1490	9073
1489	9076
1488	9078
1486	9080
1487	9083
1487	9085
1485	9089
1481	9091
1479	9093
1479	9096
1479	9098
1480	9101
1482	9103
1480	9105
1475	9108
1474	9110
1478	9113
1483	9115
1483	9118
1480	9120
1475	9122
1472	9125
1470	9127
1472	9131
1473	9133
1476	9135
1480	9138
1484	9140
1482	9143
1479	9145
1478	9147
1479	9150
1480	9152
1482	9155
1482	9157
1480	9159
1481	9162
1481	9164
1481	9167
1480	9169
1477	9171
1474	9175
1473	9177
1472	9180
1472	9182
1473	9184
1478	9187
1481	9189
1485	9192
1489	9194
1492	9197
1494	9199
1493	9201
1490	9204
1492	9206
1498	9209
1501	9211
1499	9213
1496	9217
1492	9219
1488	9222
1484	9224
1481	9226
1483	9229
1486	9231
1484	9234
1485	9236
1485	9238
1488	9241
1486	9243
1485	9246
1484	9248
1485	9250
1485	9253
1486	9255
1488	9259
1488	9261
1485	9264
1481	9266
1478	9268
1477	9271
1479	9273
1484	9276
1487	9278
1490	9280
1490	9283
1489	9285
1488	9288
1488	9290
1489	9292
1489	9295
1488	9297
1488	9300
1490	9303
1492	9305
1492	9308
1488	9310
1485	9313
1487	9315
1490	9317
1492	9320
1492	9322
1489	9325
1492	9327
1499	9330
1501	9332
1497	9334
1493	9337
1493	9339
1492	9342
1491	9345
1489	9347
1487	9350
1484	9352
1482	9355
1482	9357
1487	9359
1490	9362
1489	9364
1487	9367
1485	9369
1485	9371
1485	9374
1484	9376
1486	9379
1491	9381
1494	9383
1492	9387
1488	9389
1483	9392
1481	9394
1483	9396
1492	9399
1496	9401
1493	9404
1485	9406
1475	9409
1470	9411
1468	9413
1471	9416
1478	9418
1485	9421
1490	9423
1491	9425
1487	9428
1486	9431
1487	9434
1489	9436
1492	9438
1493	9441
1495	9443
1495	9446
1492	9448
1491	9450
1489	9453
1491	9455
1492	9458
1493	9460
1496	9462
1497	9465
1493	9467
1487	9470
1483	9473
1481	9476
1479	9478
1478	9480
1477	9483
1477	9485
1477	9488
1479	9490
1479	9492
1478	9495
1478	9497
1475	9500
1475	9502
1481	9504
1485	9507
1487	9509
1489	9512
1490	9515
1492	9517
1497	9520
1499	9522
1497	9525
1495	9527
1492	9529
1492	9532
1491	9534
1490	9537
1490	9539
1488	9542
1485	9544
1484	9546
1488	9549
1492	9551
1493	9554
1490	9556
1488	9559
1487	9562
1486	9564
1482	9567
1481	9569
1483	9571
1488	9574
1491	9576
1491	9579
1489	9581
1484	9583
1482	9586
1484	9588
1485	9591
1484	9593
1481	9595
1481	9598
1479	9601
1480	9604
1483	9606
1488	9609
1490	9611
1492	9613
1493	9616
1494	9618
1493	9621
1490	9623
1490	9625
1494	9628
1492	9630
1489	9633
1484	9635
1486	9637
1495	9640
1499	9643
1495	9646
1490	9648
1488	9650
1491	9653
1488	9655
1485	9658
1482	9660
1484	9662
1489	9665
1493	9667
1493	9670
1491	9672
1489	9674
1487	9677
1484	9679
1482	9682
1481	9684
1481	9688
1481	9690
1480	9692
1481	9695
1482	9697
1483	9700
1483	9702
1484	9704
1486	9707
1481	9709
1478	9712
1478	9714
1482	9716
1488	9719
1494	9721
1500	9724
1502	9726
1500	9729
1491	9732
1486	9734
1484	9737
1486	9739
1486	9741
1484	9744
1479	9746
1479	9749
1481	9751
1481	9754
1483	9756
1485	9758
1487	9761
1488	9763
1489	9766
1487	9768
1486	9771
1484	9774
1483	9776
1483	9779
1483	9781
1482	9783
1483	9786
1485	9788
1489	9791
1491	9793
1492	9795
1492	9798
1490	9800
1484	9803
1481	9805
1477	9807
1474	9810
1479	9812
1486	9816
1495	9818
1498	9820
1497	9823
1491	9825
1489	9828
1488	9830
1485	9833
1484	9835
1488	9837
1491	9840
1492	9842
1490	9845
1487	9847
1483	9849
1478	9852
1477	9854
1479	9858
1481	9860
1483	9862
1483	9865
1481	9867
1477	9870
1476	9872
1479	9874
1484	9877
1490	9879
1494	9882
1495	9884
1496	9886
1496	9889
1494	9891
1491	9894
1489	9896
1488	9900
1487	9902
1487	9904
1485	9907
1483	9909
1482	9912
1484	9914
1486	9916
1490	9919
1493	9921
1491	9924
1488	9926
1484	9928
1485	9931
1487	9933
1486	9936
1484	9938
1483	9940
1485	9944
1489	9946
1489	9949
1486	9951
1490	9953
1497	9956
1499	9958
1497	9961
1492	9963
1487	9965
1485	9968
1484	9970
1488	9973
1493	9975
1494	9978
1492	9980
1488	9982
1488	9986
1487	9988
1485	9991
1483	9993
1484	9995
1486	9998
1485	10000
1481	10003
1479	10005
1480	10008
1483	10010
1485	10012
1487	10015
1491	10017
1496	10020
1501	10022
1501	10025
1496	10028
1491	10031
1485	10033
1479	10036
1475	10038
1475	10040
1479	10043
1482	10045
1483	10048
1483	10050
1485	10053
1488	10055
1492	10058
1495	10060
1494	10063
1494	10065
1493	10068
1491	10071
1488	10073
1484	10076
1478	10078
1476	10081
1479	10083
1487	10086
1487	10088
1484	10091
1481	10093
1481	10096
1481	10098
1481	10100
1481	10103
1481	10105
1486	10108
1492	10110
1496	10114
1495	10116
1491	10119
1488	10121
1485	10124
1481	10126
1481	10128
1483	10131
1488	10133
1491	10136
1490	10138
1487	10141
1482	10143
1478	10146
1476	10148
1478	10151
1486	10153
1491	10156
1492	10159
1488	10161
1483	10164
1485	10166
1491	10169
1492	10171
1489	10174
1484	10176
1483	10179
1484	10181
1485	10184
1485	10186
1484	10188
1483	10191
1481	10193
1479	10196
1479	10199
1479	10202
1479	10204
1476	10207
1474	10209
1474	10212
1481	10214
1487	10216
1490	10219
1488	10221
1483	10224
1479	10226
1475	10229
1473	10231
1472	10234
1473	10236
1474	10240
1473	10242
1475	10244
1481	10247
1489	10249
1498	10252
1498	10254
1490	10257
1485	10259
1485	10262
1489	10264
1489	10267
1488	10269
1486	10271
1483	10274
1481	10276
1479	10279
1477	10281
1477	10285
1480	10287
1483	10290
1487	10292
1492	10295
1493	10297
1492	10300
1487	10302
1483	10304
1482	10307
1486	10309
1491	10312
1494	10314
1492	10317
1488	10319
1486	10322
1484	10324
1485	10328
1484	10330
1480	10332
1476	10335
1475	10337
1480	10340
1484	10342
1485	10345
1485	10347
1484	10350
1484	10352
1487	10355
1491	10357
1494	10359
1493	10362
1488	10364
1484	10368
1482	10370
1483	10373
1485	10375
1486	10378
1488	10380
1490	10383
1488	10385
1486	10388
1483	10390
1485	10392
1485	10395
1485	10397
1485	10400
1487	10402
1489	10405
1484	10407
1482	10411
1486	10413
1492	10416
1496	10418
1494	10420
1491	10423
1491	10425
1492	10428
1491	10430
1492	10433
1495	10435
1497	10438
1496	10440
1496	10443
1494	10445
1493	10447
1490	10450
1491	10452
1492	10456
1488	10458
1484	10461
1484	10463
1486	10466
1486	10468
1485	10471
1484	10473
1484	10476
1485	10478
1486	10480
1487	10483
1482	10485
1480	10488
1483	10490
1498	10493
1506	10496
1505	10499
1499	10501
1492	10504
1490	10506
1489	10508
1487	10511
1484	10513
1482	10516
1478	10518
1475	10521
1475	10523
1478	10526
1481	10528
1482	10531
1482	10533
1483	10535
1485	10539
1485	10541
1485	10544
1483	10546
1483	10549
1483	10551
1483	10554
1486	10556
1490	10559
1492	10561
1495	10564
1496	10566
1491	10568
1488	10571
1488	10573
1489	10576
1489	10578
1488	10582
1485	10584
1484	10587
1485	10589
1485	10592
1484	10594
1484	10596
1486	10599
1488	10601
1488	10604
1485	10606
1483	10609
1484	10611
1482	10614
1480	10616
1481	10619
1482	10621
1483	10624
1483	10627
1484	10629
1488	10632
1493	10634
1495	10637
1495	10639
1495	10642
1494	10644
1490	10647
1485	10649
1482	10651
1480	10654
1481	10656
1479	10659
1476	10661
1478	10664
1481	10667
1482	10670
1485	10672
1486	10675
1491	10677
1494	10680
1494	10682
1489	10684
1487	10687
1488	10689
1488	10692
1485	10694
1482	10697
1484	10699
1489	10702
1492	10704
1490	10707
1488	10710
1486	10712
1485	10715
1487	10717
1489	10720
1491	10722
1489	10725
1489	10727
1489	10730
1491	10732
1492	10735
1488	10737
1482	10739
1478	10742
1481	10744
1483	10747
1483	10749
1484	10753
1485	10755
1486	10758
1486	10760
1486	10763
1488	10765
1490	10768
1491	10770
1493	10772
1492	10775
1491	10777
1490	10780
1488	10782
1487	10785
1485	10787
1487	10790
1488	10792
1492	10796
1494	10798
1494	10800
1489	10803
1484	10805
1479	10808
1479	10810
1483	10813
1490	10815
1494	10818
1496	10820
1495	10823
1493	10825
1492	10827
1490	10830
1487	10832
1483	10835
1481	10838
1482	10841
1483	10843
1486	10846
1491	10848
1495	10851
1495	10853
1490	10855
1485	10858
1486	10860
1489	10863
1490	10865
1489	10868
1487	10870
1489	10873
1492	10875
1493	10878
1492	10881
1490	10884
1490	10886
1493	10888
1500	10891
1502	10893
1500	10896
1495	10898
1488	10901
1482	10903
1480	10906
1481	10908
1483	10911
1485	10913
1485	10915
1485	10918
1488	10920
1497	10924
1503	10926
1499	10929
1490	10931
1485	10934
1485	10936
1487	10939
1487	10941
1483	10943
1478	10946
1477	10948
1480	10951
1485	10953
1496	10956
1505	10958
1505	10961
1499	10963
1490	10967
1487	10969
1488	10972
1492	10974
1493	10976
1490	10979
1488	10981
1485	10984
1482	10986
1478	10989
1475	10991
1471	10994
1468	10996
1468	10999
1470	11001
1469	11003
1469	11006
1469	11009
1472	11012
1478	11014
1481	11017
1481	11019
1479	11022
1473	11024
1471	11027
1474	11029
1482	11031
1491	11034
1495	11036
1493	11039
1489	11041
1484	11044
1480	11046
1477	11049
1478	11052
1481	11055
1483	11057
1483	11060
1481	11062
1481	11064
1478	11067
1477	11069
1475	11072
1472	11074
1473	11077
1477	11079
1482	11082
1486	11084
1485	11087
1482	11089
1482	11091
1477	11095
1472	11097
1472	11100
1479	11102
1486	11105
1487	11107
1485	11110
1482	11112
1478	11115
1478	11117
1480	11119
1481	11122
1482	11124
1483	11127
1485	11129
1485	11132
1485	11134
1484	11138
1483	11140
1486	11143
1491	11145
1496	11148
1496	11150
1492	11152
1487	11155
1484	11157
1482	11160
1481	11162
1482	11165
1487	11167
1487	11170
1486	11172
1481	11175
1474	11177
1473	11180
1476	11183
1480	11185
1480	11188
1477	11190
1476	11193
1481	11195
1491	11198
1497	11200
1501	11203
1498	11205
1493	11207
1488	11210
1484	11212
1485	11215
1490	11217
1491	11220
1491	11223
1489	11226
1489	11228
1488	11231
1488	11233
1491	11235
1491	11238
1488	11240
1483	11243
1478	11245
1478	11248
1478	11250
1477	11253
1477	11255
1480	11258
1488	11260
1495	11264
1494	11266
1485	11268
1478	11271
1477	11273
1480	11276
1485	11278
1487	11281
1485	11283
1480	11286
1477	11288
1480	11291
1483	11293
1487	11295
1488	11298
1488	11300
1488	11303
1485	11305
1484	11309
1483	11311
1482	11314
1482	11316
1482	11319
1484	11321
1487	11323
1488	11326
1490	11328
1491	11331
1491	11333
1491	11336
1493	11338
1492	11341
1486	11343
1482	11346
1481	11348
1481	11352
1479	11354
1480	11356
1485	11359
1489	11361
1488	11364
1484	11366
1480	11369
1480	11371
